485
326
248
421
322
795
43
845
955
252
9
901
122
94
738
574
715
882
367
984
299
433
682
72
874
138
856
145
995
529
199
277
97
719
242
107
122
70
98
600
645
267
972
895
213
748
487
923
29
674
540
554
467
46
710
553
191
724
730
988
90
340
549
196
865
678
570
936
722
651
123
431
508
585
853
642
992
725
286
812
859
663
88
179
187
619
261
846
192
261
514
886
530
849
294
799
391
330
298
790
275
826
72
866
951
748
685
956
564
183
400
721
207
323
611
116
109
795
343
862
685
10
881
984
403
360
449
541
272
877
359
707
308
770
30
208
311
100
939
422
785
370
989
969
143
972
28
61
638
348
347
66
391
638
295
826
196
449
855
143
487
140
564
615
135
564
360
793
163
859
760
711
662
159
660
268
948
315
676
341
689
894
706
490
478
671
932
899
237
187
472
772
98
906
911
635
225
823
164
343
732
502
740
576
612
902
454
411
973
703
850
77
220
802
403
181
10
525
919
668
527
462
291
605
457
405
417
279
685
596
307
224
322
840
975
401
91
327
330
182
603
793
615
733
864
16
863
987
306
34
840
700
706
787
105
834
798
310
609
690
561
579
60
388
309
407
200
313
970
33
273
277
997
40
227
860
940
608
990
590
806
52
801
764
710
386
593
50
494
156
936
965
86
723
184
868
340
412
487
209
346
860
307
95
821
941
821
587
201
665
527
812
424
459
343
836
506
179
916
430
596
808
269
512
811
685
567
776
855
718
853
97
146
746
15
965
512
480
958
665
191
964
515
606
822
536
693
19
335
101
922
294
910
410
250
546
729
609
720
976
759
798
74
648
299
785
846
390
897
416
837
247
293
144
938
467
480
955
665
26
564
449
26
521
301
321
613
388
879
990
188
963
820
300
822
255
277
153
400
227
518
447
315
813
324
502
299
780
376
516
212
329
810
486
485
416
952
894
358
21
647
44
683
361
814
231
8
165
496
699
852
459
535
314
944
306
459
637
447
408
107
962
565
407
857
317
98
818
600
288
902
567
190
749
908
276
748
592
393
363
163
983
179
16
478
259
868
295
596
71
622
864
644
5
365
429
64
854
770
88
157
368
421
719
271
975
816
962
535
438
696
881
318
45
52
496
313
138
334
988
508
770
751
780
441
207
516
674
408
920
573
634
878
990
826
696
800
411
422
707
334
986
494
150
562
380
832
979
376
511
414
160
982
238
490
899
251
526
897
39
657
452
538
831
460
185
934
440
490
168
71
977
458
204
803
139
399
420
991
578
972
177
398
348
496
276
825
614
121
730
341
284
698
17
546
672
974
866
377
559
340
527
779
761
483
92
390
583
661
391
336
661
125
89
275
359
178
780
42
5
380
772
816
9
484
545
589
157
901
777
74
247
55
479
785
958
680
393
944
596
619
611
852
283
299
766
312
826
726
733
805
679
403
964
337
541
478
369
946
821
833
837
490
37
594
129
258
246
362
755
504
71
177
176
803
237
677
33
115
597
769
536
956
341
184
234
569
216
537
84
810
657
33
159
520
668
287
229
374
474
672
915
511
123
569
199
396
715
59
610
917
927
270
117
516
215
216
237
615
499
477
760
285
56
966
622
221
194
91
347
252
473
516
385
357
958
665
792
64
420
671
968
877
177
523
139
152
732
246
565
740
902
17
973
298
611
32
11
337
136
889
522
805
28
931
757
609
544
905
595
246
113
175
156
244
883
265
883
462
485
272
204
984
409
398
909
370
882
214
766
35
421
271
370
848
50
976
270
796
963
379
991
551
897
307
421
74
388
559
980
615
681
231
207
818
331
979
445
348
724
401
646
668
242
302
861
830
77
441
589
990
189
868
996
363
237
420
565
214
333
726
175
58
625
66
169
475
204
90
496
1
474
449
252
332
287
189
889
63
378
206
897
230
382
575
60
529
477
290
89
961
461
702
532
680
53
642
1000
891
822
152
324
633
267
381
272
506
419
461
526
978
468
729
795
581
383
226
421
386
273
484
676
107
229
902
962
105
84
991
701
689
655
600
538
499
881
981
473
383
679
573
589
480
145
624
923
915
232
974
735
678
640
644
212
123
253
943
18
916
327
640
615
470
655
288
401
840
633
707
424
682
194
855
190
728
178
275
88
367
544
738
963
460
266
727
33
442
628
384
244
482
765
446
247
913
560
528
594
935
462
621
660
564
302
936
592
724
118
299
251
129
96
167
169
381
976
767
837
407
203
387
735
706
335
40
821
131
159
978
53
849
478
19
230
453
336
931
588
449
566
272
883
731
80
213
177
872
626
940
150
379
833
517
724
973
581
839
272
412
839
492
553
718
738
839
390
588
523
630
770
746
49
369
537
115
215
971
602
551
40
494
252
158
72
177
667
483
815
19
745
339
614
302
319
670
513
566
27
322
645
210
841
925
521
975
269
929
478
970
684
231
673
348
232
727
597
397
539
907
892
699
408
361
789
529
190
880
236
715
718
439
814
902
658
410
412
90
678
951
37
593
737
211
134
847
490
95
435
737
860
310
548
984
660
86
635
941
56
372
650
964
735
682
151
283
773
643
898
817
269
731
507
841
207
752
318
126
153
101
560
743
816
980
1
82
886
377
465
753
842
547
580
754
37
548
896
656
537
78
540
597
314
845
361
930
654
841
810
98
814
898
237
236
397
468
160
168
189
123
783
991
775
565
906
604
233
693
209
279
231
675
370
814
276
238
710
931
879
492
81
347
417
582
801
195
403
247
356
627
858
803
236
572
485
586
748
235
859
788
345
861
342
779
595
963
260
366
835
733
834
442
773
880
873
793
173
402
60
628
19
146
685
138
593
202
500
89
433
63
514
865
393
269
111
614
272
973
609
236
496
24
871
227
420
850
127
170
224
722
189
597
286
22
957
536
221
281
238
531
449
735
670
646
272
605
394
508
537
955
477
969
692
963
829
638
206
185
187
129
300
114
305
199
916
839
899
452
185
561
848
191
830
860
873
649
591
974
974
452
397
350
597
13
392
343
756
387
924
188
68
552
166
435
14
797
254
300
431
367
197
233
149
62
38
69
425
810
878
503
308
798
437
798
36
583
412
195
878
388
438
532
3
268
417
277
229
445
380
974
248
433
1000
874
939
760
473
811
766
306
556
521
364
460
136
458
784
648
783
960
137
591
875
440
263
40
835
943
749
263
597
5
999
161
35
891
459
996
592
54
985
401
298
459
77
611
159
467
737
895
49
382
285
388
972
265
729
810
973
818
295
532
58
736
187
896
998
997
476
259
475
494
130
151
639
855
480
478
386
672
361
894
460
148
660
628
329
975
1
507
750
109
915
700
75
896
229
85
144
536
919
516
473
25
25
611
44
722
980
563
672
914
541
882
142
259
35
543
689
721
142
530
503
450
248
599
919
636
181
873
154
427
604
313
363
594
813
829
49
791
554
499
226
345
432
758
64
843
637
941
965
448
857
968
351
758
351
980
662
357
914
548
723
23
170
351
113
783
766
527
206
644
258
861
728
69
128
392
145
51
112
253
340
932
817
965
480
724
839
500
746
811
373
605
252
172
394
177
98
377
486
855
290
130
355
842
233
101
686
736
930
700
69
607
879
916
960
408
679
138
185
782
49
453
630
429
853
545
651
765
159
1000
179
717
885
32
838
186
470
185
921
376
986
934
171
645
46
681
43
234
103
496
389
931
579
132
908
772
677
343
703
139
344
387
909
539
304
655
378
92
862
411
362
397
290
152
611
173
137
946
365
475
982
920
802
66
778
744
464
313
341
685
331
85
676
91
534
166
51
966
841
625
114
16
113
826
506
738
564
455
735
264
548
738
853
575
569
365
620
264
193
21
373
84
250
288
132
151
419
521
974
655
648
737
298
187
981
965
954
166
248
636
560
563
24
896
803
16
274
714
449
229
280
423
868
124
970
231
935
808
23
210
88
151
770
555
613
866
223
303
305
306
900
964
397
898
59
628
225
537
612
633
314
478
981
904
819
108
179
152
598
349
80
762
314
513
205
584
652
894
198
143
671
302
611
631
526
526
403
231
830
283
864
755
159
220
447
800
833
805
791
412
857
408
895
360
827
971
961
519
335
238
883
222
886
708
475
876
123
127
384
745
284
429
685
512
503
599
983
462
992
270
491
282
831
167
115
661
564
934
608
513
53
659
646
164
763
825
949
355
811
164
851
289
392
224
460
903
347
638
101
587
797
881
210
243
969
298
253
593
453
657
72
222
319
61
694
384
801
136
536
958
647
526
28
904
509
884
565
601
323
522
192
103
451
867
602
783
311
994
172
51
389
237
721
597
492
331
380
259
726
55
501
459
790
4
634
117
601
808
544
542
590
827
817
617
32
879
692
685
88
911
546
580
997
937
988
351
661
630
360
908
203
479
251
162
905
167
862
369
181
765
251
909
645
568
847
538
540
99
423
246
165
544
52
131
372
471
625
684
378
534
73
540
671
127
412
972
823
663
784
588
496
170
153
199
152
258
283
289
608
463
180
329
221
294
125
625
427
796
151
867
122
370
840
115
875
912
85
969
714
971
743
198
635
41
640
731
222
536
165
311
124
773
923
280
257
961
267
238
810
171
288
389
566
74
813
49
175
754
457
897
512
68
236
574
893
615
857
538
72
292
916
804
656
379
67
280
361
984
271
489
256
882
225
529
510
1000
191
813
898
420
470
619
377
465
887
764
55
727
844
644
181
171
545
439
547
417
205
500
332
820
416
243
854
66
236
568
969
706
295
167
773
279
661
727
838
404
743
234
529
191
832
537
366
880
940
745
37
672
809
682
979
300
511
732
868
618
769
186
584
832
716
472
272
498
365
583
479
898
133
646
915
55
213
623
875
513
356
586
16
984
422
354
214
890
212
27
769
835
232
254
642
476
919
912
754
734
967
41
259
926
840
544
908
225
69
121
523
678
593
665
314
992
596
358
524
163
942
537
182
204
208
653
848
532
103
871
932
507
986
613
323
590
377
905
932
474
606
389
671
360
845
646
99
609
501
764
598
242
390
61
259
519
826
942
282
896
982
276
301
952
856
428
255
723
280
937
37
901
456
996
590
455
510
667
829
51
383
340
915
797
547
1000
335
785
797
299
343
281
282
264
78
134
126
862
190
340
724
271
701
464
405
230
153
923
813
686
925
21
58
295
900
956
86
346
427
221
202
417
424
943
883
290
47
269
775
379
121
362
534
828
388
908
394
282
432
443
737
584
206
328
848
805
337
488
519
362
230
393
353
275
845
377
202
971
431
508
825
226
719
540
973
480
347
536
842
640
211
687
579
168
678
244
479
749
49
177
805
345
569
926
273
743
885
816
151
75
863
636
645
859
817
355
930
850
282
549
115
394
465
153
650
615
846
184
15
304
437
943
929
535
388
523
515
45
657
748
49
369
374
140
282
816
463
527
533
747
921
699
318
854
938
663
360
188
685
709
825
150
332
577
739
755
614
497
519
439
960
644
761
310
654
973
641
551
465
624
214
435
383
449
354
628
855
25
34
561
68
914
333
294
768
448
698
742
32
671
716
83
163
953
671
657
748
799
289
248
30
749
740
353
644
808
72
422
376
952
883
707
619
664
866
161
894
707
143
607
321
87
899
65
162
651
458
579
203
281
108
429
782
86
863
750
250
311
320
337
21
596
993
997
961
807
881
127
985
523
617
47
994
614
259
986
564
1
787
204
993
156
87
579
226
709
177
985
951
32
801
800
61
701
61
429
695
230
42
487
527
112
249
334
75
599
525
510
826
100
721
843
374
48
285
645
938
888
527
579
779
680
716
977
417
850
974
972
524
902
156
225
344
737
615
292
451
648
529
773
724
699
422
73
700
956
500
481
910
135
52
804
31
850
32
581
520
556
309
441
57
455
488
695
518
679
290
111
83
42
926
462
201
167
143
78
849
305
517
168
101
43
174
203
51
644
358
523
387
978
89
421
814
48
926
319
87
705
483
618
475
756
773
753
370
360
815
609
405
607
495
233
72
388
110
545
391
574
742
76
362
781
163
447
386
426
357
97
443
456
170
739
818
991
829
456
590
237
748
803
321
685
387
901
118
202
283
333
122
241
551
816
660
436
435
865
438
660
13
727
99
204
494
763
529
666
312
824
239
967
446
668
677
755
208
491
152
756
358
585
876
293
322
550
530
201
713
240
282
975
432
39
719
4
80
874
568
887
667
644
258
717
199
371
704
531
576
733
477
50
295
50
223
578
351
87
435
1
764
287
53
779
860
241
599
929
15
935
558
203
913
698
514
529
356
904
75
235
560
688
959
678
685
283
233
687
661
746
337
775
100
748
168
143
801
830
986
451
876
906
523
257
64
787
108
392
640
845
862
659
291
655
100
429
745
978
498
525
237
192
993
233
451
312
210
476
897
710
680
849
591
397
889
807
112
726
675
485
113
896
536
524
983
504
92
42
179
511
651
83
54
881
422
488
663
858
380
825
234
928
419
660
696
606
982
310
987
780
349
182
200
529
162
6
477
756
776
331
882
220
964
130
138
252
78
179
464
195
446
967
164
917
465
315
557
701
970
125
887
245
347
115
836
538
572
513
684
450
512
1
799
295
805
866
526
818
137
275
487
298
719
590
736
813
410
176
273
643
487
805
532
944
821
254
366
961
621
796
597
43
667
363
985
296
893
378
397
475
449
431
444
352
184
262
686
167
239
824
658
272
979
237
267
750
794
244
166
814
358
496
319
454
906
970
697
928
396
531
205
6
395
617
439
629
241
734
989
684
416
742
969
476
622
703
188
551
954
672
363
434
694
188
548
789
853
454
983
319
660
244
390
740
322
238
911
945
121
678
734
220
660
368
774
638
497
248
367
538
359
112
286
789
46
641
17
149
19
742
538
972
363
150
289
709
516
1
124
419
401
632
201
934
860
950
736
983
916
571
507
408
807
917
710
590
830
446
273
649
125
963
827
280
241
457
606
240
570
208
992
755
184
146
205
819
488
490
831
958
478
158
344
824
962
910
484
134
389
397
290
695
258
893
817
539
959
21
317
237
75
36
625
827
904
908
595
730
223
705
789
996
928
50
424
443
961
180
600
941
556
644
901
360
427
387
517
636
709
497
557
302
216
420
743
833
918
719
235
980
194
806
184
720
626
510
728
793
652
359
937
714
402
547
409
715
432
190
535
356
259
477
943
537
641
449
699
893
845
787
916
601
537
983
872
236
43
907
931
585
27
886
216
158
681
11
895
209
57
413
607
483
24
114
450
382
525
779
413
608
683
879
870
816
699
653
630
509
948
856
791
716
693
58
269
168
46
564
782
233
5
1
516
872
996
248
447
711
325
849
220
362
560
796
859
722
529
127
986
486
725
39
341
50
74
283
759
362
84
109
488
325
212
738
742
844
585
335
509
185
905
124
874
299
445
346
745
582
514
790
628
997
549
461
108
946
412
192
279
145
537
479
458
202
775
999
23
374
421
566
870
367
576
835
732
618
714
936
280
389
527
426
355
939
308
341
717
869
137
18
653
888
917
474
647
907
326
417
764
607
320
566
704
359
346
343
829
319
983
783
42
743
648
274
71
119
124
709
992
442
49
640
856
237
970
829
965
142
489
920
784
927
27
926
867
90
81
704
530
324
203
975
685
716
492
647
98
962
739
6
84
826
757
83
33
632
46
433
693
108
727
571
545
997
238
247
600
23
275
317
190
335
318
207
817
667
44
400
154
420
809
511
50
5
493
35
351
803
689
469
814
612
977
675
16
954
817
737
791
375
97
855
575
544
242
968
375
396
272
318
143
852
176
929
154
986
377
927
899
283
596
458
377
671
22
199
844
269
811
723
151
298
986
790
750
24
629
745
671
208
727
521
499
171
621
771
915
562
592
872
900
611
967
928
229
557
599
704
334
120
380
838
9
215
463
553
570
439
623
203
240
407
42
968
307
544
731
879
590
684
586
917
900
201
346
926
92
461
947
238
94
480
286
241
605
591
255
73
148
429
274
46
715
833
1000
396
722
660
360
682
154
698
777
511
745
422
500
221
467
776
740
88
483
264
750
797
818
681
283
277
172
89
43
73
960
829
802
645
262
311
21
143
440
649
219
286
947
1
677
229
597
637
512
911
902
886
719
362
529
182
315
398
193
475
53
629
950
308
184
10
104
480
641
540
56
236
432
642
547
867
662
149
136
269
7
251
599
634
543
80
873
806
774
892
68
725
766
722
790
485
929
564
503
696
957
290
345
993
898
2
537
788
615
70
341
56
194
195
837
62
175
14
779
752
517
382
829
917
703
351
176
529
222
219
260
351
505
504
132
824
518
334
660
979
896
815
515
413
377
720
584
120
158
396
399
813
168
645
595
723
7
156
123
120
503
926
318
932
892
631
209
147
479
119
13
33
728
986
75
685
387
521
394
488
518
603
172
317
70
81
215
504
279
163
368
513
123
565
759
760
503
246
199
816
883
453
908
533
256
628
524
840
281
183
377
479
868
819
971
407
96
225
408
76
79
306
510
333
675
618
517
690
113
518
926
335
195
488
704
568
271
48
584
245
595
538
558
837
19
780
804
460
830
46
583
630
118
410
646
515
694
283
200
787
252
471
48
553
646
711
146
874
854
412
748
781
216
953
672
929
16
781
726
947
495
927
452
32
645
426
336
164
349
624
689
851
45
217
651
510
205
211
73
411
277
272
243
791
225
869
288
556
982
431
370
270
908
437
22
559
867
347
299
376
208
459
128
801
167
859
360
902
103
779
583
498
411
757
403
836
477
965
837
726
515
537
736
442
692
600
334
326
105
564
80
975
326
81
236
494
688
493
110
344
38
704
857
47
161
619
453
948
381
115
320
342
56
444
487
162
352
375
36
602
391
198
398
400
728
685
998
930
664
585
430
476
815
994
506
635
695
842
360
670
305
188
993
397
932
280
327
316
960
515
239
358
148
153
46
27
261
93
982
132
113
493
983
700
85
400
272
262
756
865
845
787
121
19
304
483
376
524
362
872
403
108
920
112
913
157
768
234
367
170
907
645
360
25
786
637
806
763
195
840
369
777
60
835
140
790
220
271
100
785
54
159
954
665
302
241
894
585
979
778
347
675
198
532
960
86
167
218
451
210
740
184
917
249
716
765
834
470
765
738
951
838
763
985
284
251
730
8
810
845
416
454
372
145
262
699
159
460
862
257
355
327
595
919
785
18
590
762
652
730
988
819
850
876
418
150
562
577
932
158
334
859
383
644
864
276
924
63
286
931
798
955
743
231
216
404
557
235
585
249
154
259
673
867
621
427
339
221
348
716
307
11
457
728
39
797
679
275
640
707
100
538
311
415
198
165
394
408
832
478
302
883
4
336
428
778
159
779
86
687
106
20
776
174
940
343
897
104
675
127
289
573
2
225
515
910
570
799
442
563
251
272
925
864
689
490
220
919
89
19
994
259
275
9
539
224
375
166
805
798
354
63
568
29
208
274
984
576
616
701
879
564
781
876
77
623
282
193
994
787
50
283
608
682
15
409
395
945
345
478
210
415
20
356
773
212
77
771
246
908
387
305
682
340
975
792
127
905
278
341
381
461
179
28
447
27
456
279
385
72
723
526
617
562
786
262
847
2
578
868
646
523
689
713
315
242
729
205
459
630
998
69
790
327
980
750
448
680
851
865
228
414
949
943
729
656
364
989
343
135
678
430
64
885
643
493
337
279
659
82
120
741
433
113
293
462
924
377
667
991
659
496
197
474
798
481
83
160
842
871
108
522
282
409
899
889
680
846
965
483
92
80
511
655
233
155
889
189
796
516
543
552
630
676
324
341
951
251
663
556
891
759
959
667
614
429
912
768
569
628
262
373
268
879
447
931
428
297
219
578
116
80
781
620
5
444
744
487
176
230
948
753
591
363
544
276
162
929
143
793
238
806
413
742
805
854
489
490
834
587
651
821
67
652
380
619
727
648
194
183
16
322
523
130
648
172
950
195
941
221
223
61
30
197
794
998
716
238
477
516
956
322
872
328
42
529
397
36
221
482
122
478
207
798
243
525
332
274
578
384
967
163
361
372
946
337
124
124
412
670
274
496
210
446
746
505
688
375
560
696
375
872
951
732
895
427
261
154
339
500
36
797
641
441
293
429
369
617
12
793
595
831
833
951
763
975
435
384
390
733
684
239
140
250
130
768
166
144
425
323
502
371
131
519
155
663
330
657
4
462
578
261
674
873
522
241
472
220
425
934
28
452
226
512
749
769
866
291
444
654
478
213
525
6
296
425
237
766
545
872
203
696
821
599
784
115
308
933
601
445
476
803
41
779
578
636
137
837
944
156
442
221
285
131
407
6
346
545
790
94
289
217
189
598
126
655
190
62
504
324
285
860
534
510
366
907
683
106
226
214
44
612
248
260
854
467
765
834
786
192
871
871
555
717
563
337
157
631
780
626
885
389
669
447
733
256
211
244
862
387
629
723
381
803
638
436
680
710
487
524
800
453
335
752
671
35
941
312
425
453
473
558
260
369
656
486
193
457
39
134
306
247
765
876
796
776
635
188
708
291
116
586
916
897
807
233
76
500
746
4
418
825
654
851
709
656
463
210
611
264
651
600
728
174
976
651
272
220
760
654
90
123
333
428
284
539
743
268
307
744
563
437
994
133
515
400
383
201
490
499
411
222
46
298
976
126
814
694
555
183
356
15
673
862
922
907
115
669
278
551
244
846
807
666
383
311
495
527
459
117
865
656
624
427
737
973
209
538
809
925
82
96
720
954
642
27
722
271
423
693
61
666
862
503
959
364
297
631
507
461
929
428
675
986
459
598
732
49
692
536
103
217
896
672
843
765
420
387
366
719
401
787
627
438
362
698
355
370
226
342
902
749
616
29
40
41
356
64
22
502
441
417
696
874
635
934
775
41
840
550
813
932
937
920
465
67
447
289
890
213
656
332
169
501
793
25
577
76
786
8
688
627
543
453
429
728
916
811
593
613
574
283
208
806
806
972
807
193
166
609
397
485
195
592
428
381
131
159
238
420
78
335
322
441
983
75
526
906
322
231
780
354
125
522
295
508
368
638
868
855
535
125
764
538
620
3
302
630
679
624
951
105
96
389
899
567
729
619
866
641
790
185
422
999
86
517
689
335
937
319
521
845
793
267
486
923
875
677
832
520
101
668
283
706
127
937
324
222
492
631
706
268
183
410
872
421
248
66
879
534
351
199
654
677
797
963
724
376
943
917
929
963
68
282
963
912
908
124
884
814
528
781
958
212
151
570
257
980
148
433
969
507
762
773
370
925
154
135
565
83
913
36
819
86
381
987
14
74
870
925
268
862
687
997
605
752
523
408
74
972
242
820
798
987
683
530
878
909
202
565
610
73
193
841
851
721
536
231
453
9
638
278
844
423
623
265
400
946
758
517
579
44
625
41
623
721
762
117
402
862
554
573
411
21
638
574
884
46
316
109
543
373
972
4
203
424
376
814
103
807
638
904
91
636
90
880
299
635
895
255
709
952
205
192
287
221
537
272
324
3
834
294
374
933
567
122
210
674
116
511
1
410
763
642
971
758
965
242
491
577
769
560
496
403
361
534
183
802
25
538
515
768
1
169
640
178
176
702
425
317
424
922
31
241
671
555
98
359
697
327
87
260
912
743
682
102
958
383
955
531
896
666
19
535
98
583
637
4
750
832
31
721
447
64
120
181
440
450
617
234
519
14
470
636
766
909
972
953
678
386
162
257
427
696
930
21
957
920
278
906
867
714
677
109
423
408
77
629
46
576
944
861
559
160
873
257
793
578
734
550
631
231
829
484
77
966
816
325
521
971
907
733
452
202
930
161
473
747
814
362
442
973
38
537
920
101
64
826
81
509
327
755
609
552
3
43
484
681
974
197
799
425
139
812
388
24
591
582
308
377
114
131
436
920
588
989
83
180
522
88
632
847
808
144
133
330
749
439
336
948
892
478
783
378
799
528
57
741
436
580
81
545
330
642
188
2
698
386
47
134
64
850
835
823
432
526
987
336
531
752
498
517
921
903
504
885
695
513
771
897
888
499
384
644
213
85
377
674
951
776
261
627
489
401
589
22
888
445
387
648
620
397
402
693
622
601
259
355
674
806
444
803
940
122
512
241
604
588
115
265
36
270
997
922
918
949
132
964
976
581
988
915
473
262
56
851
259
780
487
923
465
928
650
756
464
594
994
505
327
224
292
423
112
253
638
300
23
677
857
192
607
485
990
112
202
645
499
520
23
159
989
318
427
751
605
164
491
138
29
300
758
577
714
123
76
501
49
384
3
602
211
331
366
285
154
864
774
856
44
484
595
259
869
468
105
802
926
418
998
451
138
489
840
334
165
350
400
453
629
903
363
747
683
701
333
471
544
787
662
983
258
926
599
583
518
780
99
314
669
311
528
949
537
449
237
680
838
336
163
918
99
433
934
937
880
845
467
9
664
688
921
620
974
63
42
916
793
983
553
350
857
675
338
391
497
716
414
7
157
8
886
167
843
277
774
92
988
324
665
251
673
272
664
613
800
814
485
682
286
229
850
679
163
325
492
898
603
561
315
186
34
55
513
57
517
852
656
843
781
418
855
638
700
515
907
506
951
204
119
528
804
53
222
725
555
526
997
397
695
705
380
402
276
604
587
708
456
573
151
655
91
798
284
18
936
712
273
412
292
321
297
47
876
64
622
671
96
757
910
169
132
884
232
950
555
56
653
447
220
881
289
320
407
1000
848
583
70
216
315
387
990
781
547
239
757
669
154
774
771
411
703
414
379
385
336
951
49
939
255
963
122
544
462
549
569
218
93
364
558
602
41
478
382
863
572
759
464
885
178
754
516
920
895
731
331
328
395
213
931
268
272
71
946
505
568
943
432
58
121
585
935
47
114
166
396
855
741
208
197
352
861
986
810
443
191
105
133
491
594
823
140
580
576
453
4
773
541
461
741
104
364
744
98
207
503
995
55
958
318
497
603
613
700
902
238
765
990
208
681
352
469
894
394
410
9
130
975
332
101
217
672
853
80
727
663
177
207
836
320
508
310
723
27
197
62
416
903
397
349
615
855
743
323
922
78
504
209
441
140
909
633
416
528
745
235
126
661
494
732
290
415
761
749
950
189
832
124
198
814
117
316
527
606
834
573
58
143
171
8
392
42
417
753
685
758
980
125
182
317
622
283
533
195
828
197
962
424
997
589
929
827
482
714
920
366
134
42
999
814
622
791
343
306
896
901
830
177
77
847
511
678
776
423
188
949
398
548
518
725
317
803
344
501
903
360
33
848
718
780
24
19
495
710
304
364
17
844
987
458
700
737
985
865
181
493
1000
645
438
827
986
563
583
884
716
573
682
966
643
92
400
472
414
157
15
925
729
151
909
446
566
881
563
258
227
174
532
392
472
850
797
649
719
51
620
832
372
282
147
531
189
34
837
553
369
469
109
291
698
660
947
645
916
645
368
323
725
852
614
766
885
508
83
951
565
941
948
80
298
22
284
424
760
729
716
325
840
979
570
425
484
106
236
335
752
799
131
764
97
732
347
776
591
685
327
980
12
960
655
716
643
486
387
244
748
745
846
300
684
926
461
566
255
714
336
228
232
23
766
364
373
773
226
598
261
811
506
793
875
637
939
915
986
557
816
488
656
860
171
800
317
295
456
115
819
708
862
917
725
380
462
564
441
873
844
471
64
14
971
422
730
516
219
342
717
513
68
476
341
88
218
814
690
717
304
79
503
512
95
202
606
687
398
612
214
989
504
83
327
784
443
547
259
396
85
109
884
442
871
895
882
333
404
433
420
529
112
28
723
621
50
34
548
327
756
795
188
20
216
332
596
119
266
543
612
78
290
591
1
42
672
554
352
765
656
175
938
147
574
7
632
387
856
966
143
501
201
825
83
804
241
936
764
483
39
218
933
833
529
621
706
438
504
101
567
229
487
241
853
594
131
787
974
603
169
566
366
569
428
432
282
470
158
319
74
965
235
94
496
918
900
478
511
817
703
951
270
400
793
78
221
55
974
190
501
165
557
801
82
770
702
678
945
25
581
810
900
461
950
368
98
221
264
147
825
121
948
481
118
124
157
807
673
42
784
865
300
833
443
520
866
337
991
379
34
766
102
937
386
770
863
211
382
597
424
244
280
855
512
834
391
746
716
204
626
250
208
443
92
718
667
715
151
502
30
545
779
692
139
212
710
789
55
365
994
343
66
153
284
906
363
883
40
873
46
596
584
256
368
429
380
573
310
529
225
728
580
669
292
908
746
490
477
486
142
855
135
171
406
609
764
523
644
860
282
170
850
840
706
363
565
239
221
693
724
291
87
488
664
2
862
46
643
283
226
972
211
472
604
984
317
476
304
18
604
956
581
117
321
928
401
308
970
672
607
143
477
48
682
725
595
958
89
194
743
761
347
304
190
9
354
31
847
507
954
158
602
668
544
513
946
491
716
635
149
961
297
427
968
129
930
160
205
618
949
847
814
362
1
25
665
754
473
375
708
478
944
456
215
164
548
415
159
937
756
631
518
473
140
592
142
798
134
873
877
965
457
365
128
30
219
89
250
770
616
57
435
293
674
384
603
323
104
814
557
372
193
825
111
993
376
23
926
342
487
728
364
504
261
694
596
358
106
37
49
458
56
389
348
479
201
725
605
818
309
455
735
666
211
745
550
137
372
15
825
610
653
243
994
27
75
695
650
346
598
992
504
602
992
698
481
525
453
80
286
920
739
282
675
499
896
238
587
568
569
561
535
458
743
85
550
757
905
347
796
314
598
952
965
217
777
393
416
254
133
40
38
574
313
430
401
905
307
817
255
887
278
581
7
573
781
460
769
535
143
600
15
541
267
69
72
720
755
586
97
875
819
462
412
268
424
260
258
538
978
41
578
318
156
883
186
100
857
785
338
248
678
47
206
595
573
720
506
246
549
628
733
587
796
466
104
633
327
708
974
990
926
39
252
68
827
738
7
878
705
612
218
138
622
311
55
910
459
657
187
348
784
560
836
160
818
291
444
494
391
605
525
294
983
531
180
306
586
498
904
596
389
412
817
586
79
889
947
932
221
144
850
138
308
525
302
8
821
418
366
235
16
448
614
354
508
652
274
231
90
700
274
262
655
329
486
475
456
253
369
469
501
692
776
455
976
988
218
595
613
598
374
135
297
948
474
569
309
915
520
284
938
264
224
123
188
549
466
739
57
34
994
370
889
726
837
300
997
677
528
338
361
96
582
99
883
627
408
260
236
856
652
689
244
662
856
908
855
758
669
490
220
249
558
43
338
29
400
656
298
31
962
237
50
656
660
278
814
426
825
947
215
818
638
134
981
349
482
441
966
748
38
402
431
842
764
16
239
698
202
509
400
211
870
195
551
454
592
273
441
300
605
709
318
482
943
601
88
110
744
537
746
464
454
408
234
604
749
816
473
709
778
600
199
721
980
829
905
297
507
820
501
239
899
291
330
63
775
61
931
256
695
149
890
258
436
623
286
80
345
172
551
45
162
756
71
352
357
723
216
457
253
278
210
683
492
229
283
722
822
880
342
556
402
196
335
226
353
45
971
717
183
67
490
387
783
575
422
873
793
948
755
584
406
144
807
729
255
890
609
587
491
691
155
498
495
127
105
583
61
763
41
948
80
950
834
470
996
633
327
499
832
849
683
819
669
657
829
65
389
667
739
41
654
630
760
801
999
222
903
881
936
840
407
757
203
76
702
895
207
244
952
111
929
145
328
133
354
435
827
651
814
951
137
813
65
320
877
858
657
680
82
210
280
285
197
399
97
599
936
14
224
238
962
197
172
429
81
612
366
11
466
830
473
743
781
847
34
641
235
956
990
214
465
120
1000
114
837
683
674
268
965
266
456
199
829
892
99
149
207
729
449
652
714
835
551
451
901
566
617
947
402
65
38
439
381
875
718
198
461
865
653
110
191
484
895
16
352
101
940
337
505
643
347
308
522
777
8
786
753
514
119
540
809
766
1000
53
126
389
627
154
229
808
379
651
678
756
85
49
555
416
375
303
296
699
171
548
83
569
619
277
778
149
748
180
1
518
453
749
708
291
487
957
30
760
900
12
298
961
873
153
920
652
197
306
20
665
498
211
740
442
985
339
600
5
408
332
130
871
460
874
837
512
945
64
40
227
495
16
602
756
20
969
157
2
886
64
228
236
207
346
70
806
745
373
659
611
66
436
435
497
319
514
612
410
65
851
419
623
933
808
903
581
661
825
730
41
802
842
121
509
291
688
265
771
356
899
682
534
74
796
509
886
787
325
863
826
769
262
806
381
525
83
208
875
797
496
937
58
936
848
363
12
390
591
444
945
946
533
198
767
770
619
8
243
123
101
15
447
239
960
913
20
560
883
126
150
636
287
711
885
280
249
441
296
959
508
400
729
507
706
126
245
855
730
683
19
317
416
76
682
835
265
366
133
534
997
737
496
497
670
183
105
348
877
308
850
631
402
605
43
926
650
523
466
588
80
623
924
65
726
501
850
678
834
819
575
998
588
264
767
37
780
303
599
770
534
859
161
374
919
314
334
651
351
236
827
927
46
459
687
185
544
771
529
736
603
512
331
377
470
716
211
975
586
576
39
642
570
863
750
507
156
104
891
899
110
291
19
305
707
488
899
995
6
429
621
825
756
678
585
342
148
492
542
144
911
217
608
245
905
856
169
390
312
799
970
902
514
605
240
841
321
942
889
615
816
76
174
40
844
157
593
343
629
850
381
744
132
651
859
267
493
541
153
377
388
238
282
180
633
853
411
696
422
636
801
526
101
695
981
118
172
981
42
561
690
979
515
215
913
198
423
700
508
271
743
970
607
326
708
20
812
465
923
110
530
123
882
744
421
656
514
690
851
925
804
623
459
946
158
259
189
801
933
887
46
566
314
490
291
270
735
814
530
554
673
466
22
515
797
444
858
733
700
933
898
157
305
671
503
645
383
655
377
429
613
188
28
65
227
816
453
511
924
476
236
799
580
29
306
403
441
315
490
470
444
182
577
671
559
953
999
212
509
97
477
737
670
261
774
985
274
341
504
729
707
4
330
193
557
71
629
508
616
765
309
28
114
463
911
753
366
23
882
161
761
722
160
238
417
896
435
77
911
312
666
411
27
206
763
400
92
375
24
885
183
97
228
831
589
37
853
891
119
495
841
314
483
594
994
844
838
773
396
374
177
74
260
222
373
852
496
83
801
654
587
639
513
488
815
126
334
651
786
126
226
129
460
415
562
640
469
858
828
182
825
324
48
643
485
393
425
323
32
627
835
875
653
602
996
634
477
162
564
551
295
74
390
414
570
889
231
669
223
289
940
128
657
950
589
659
934
733
486
838
53
103
202
39
199
629
888
14
615
331
384
722
308
159
860
710
572
272
961
184
713
481
149
406
917
221
776
841
254
434
141
219
308
464
56
498
544
753
543
308
445
408
650
915
41
108
588
769
666
499
681
170
914
785
776
470
524
976
825
469
783
199
158
51
192
870
187
851
281
653
718
486
214
226
761
467
204
361
893
758
939
867
663
731
51
722
373
217
199
529
839
608
382
933
488
629
511
224
139
683
338
578
696
42
259
88
462
154
592
392
856
493
184
440
803
698
587
235
171
966
686
413
963
818
198
748
475
178
417
975
177
450
250
48
115
321
636
620
457
775
995
287
861
288
160
833
332
264
427
621
147
782
129
167
204
907
77
419
89
682
120
67
629
927
346
303
504
170
760
355
625
3
670
246
347
820
772
503
330
892
27
608
941
448
934
493
115
298
444
867
64
980
634
563
623
923
730
774
998
790
512
712
279
269
785
286
291
756
620
946
854
831
475
107
448
318
864
272
88
832
546
900
848
369
967
888
902
309
105
357
102
620
995
457
386
550
3
263
780
30
999
921
32
609
426
879
213
293
773
959
506
900
856
461
923
224
400
921
202
206
584
118
472
253
930
150
819
134
165
809
967
403
574
829
312
313
8
700
899
376
526
603
570
959
789
87
270
482
85
951
429
134
870
679
851
905
421
440
290
116
878
771
820
218
609
941
381
912
582
849
451
653
211
883
328
657
635
201
876
327
317
354
261
724
764
104
88
743
283
31
478
401
247
973
602
132
351
122
1000
710
820
567
93
725
931
248
619
465
447
988
75
902
497
777
506
753
410
818
190
296
285
859
144
77
528
537
746
289
905
476
928
250
994
550
368
631
846
74
875
224
396
400
764
176
929
181
125
973
568
253
167
548
355
771
432
183
624
813
156
688
438
186
750
429
175
989
557
284
494
737
354
414
592
372
630
773
364
606
166
911
501
648
16
466
236
936
749
560
32
529
367
130
63
805
218
39
52
596
300
979
833
836
406
762
259
897
594
716
515
443
316
344
665
580
876
739
225
49
952
551
103
494
508
351
388
804
251
55
952
709
132
6
615
443
479
340
279
822
808
86
182
861
257
215
773
529
353
663
57
863
456
621
814
972
746
550
812
744
810
597
188
302
582
922
850
616
919
462
698
988
975
587
588
715
682
821
305
822
439
109
709
274
783
178
205
563
74
56
256
649
14
747
848
751
233
106
288
649
492
486
636
203
768
970
630
150
650
426
805
900
320
942
869
969
250
477
27
754
172
564
632
999
600
31
371
433
54
92
769
174
366
893
30
666
730
243
387
518
310
453
512
323
513
105
208
341
348
511
657
217
831
387
99
281
400
713
814
364
877
1
534
944
406
674
712
658
518
864
604
674
377
687
74
154
101
159
975
365
306
440
215
538
828
869
306
863
141
811
601
568
549
408
39
991
380
174
922
491
220
359
321
315
497
640
821
906
154
656
146
986
535
359
948
147
634
753
820
314
288
498
259
892
999
538
499
643
727
600
971
372
587
456
177
41
135
463
943
986
673
795
248
468
73
797
289
116
411
480
306
394
665
305
701
553
803
14
531
211
240
505
171
238
364
885
869
979
122
13
536
227
545
513
874
250
257
473
358
510
540
674
316
719
287
806
486
774
776
878
407
831
415
361
436
681
751
267
332
914
715
65
314
805
715
185
735
589
239
101
138
817
152
318
697
408
347
122
519
508
71
159
686
921
195
864
916
364
907
101
23
493
970
20
466
887
911
428
408
829
178
782
566
125
125
13
914
982
221
548
896
954
591
76
593
838
909
741
539
423
241
529
518
125
974
238
963
138
636
218
101
513
994
343
769
969
787
382
575
240
332
581
720
994
209
131
63
337
133
472
418
708
440
440
81
66
696
862
123
782
483
683
981
186
977
678
740
37
452
154
631
167
984
965
128
642
61
373
57
584
450
34
913
705
529
769
735
787
96
741
147
690
891
46
769
735
413
187
398
251
582
393
971
803
699
299
279
306
586
785
79
732
549
387
216
254
76
773
896
185
445
667
218
862
934
131
536
962
374
839
385
529
801
346
554
563
275
560
854
715
1
16
961
636
45
395
886
653
185
748
733
588
968
231
97
100
305
187
772
688
117
666
3
103
942
318
533
344
192
179
277
349
810
538
557
729
515
785
315
188
415
589
270
675
280
482
456
250
935
622
466
324
450
172
132
166
877
876
748
905
908
390
332
487
100
902
62
675
791
302
681
123
302
633
515
15
206
899
702
705
742
300
245
36
901
596
109
190
94
310
134
208
428
534
154
226
640
133
522
417
760
489
990
3
863
335
499
807
394
395
732
584
830
692
219
784
613
738
998
567
592
305
692
322
83
886
487
998
589
454
274
548
895
907
154
812
122
640
471
949
363
650
521
240
73
111
164
434
42
216
998
48
395
584
366
538
975
428
741
762
716
42
342
52
227
556
566
509
959
188
166
302
186
583
870
432
365
684
34
551
974
996
358
505
272
401
835
798
465
496
122
943
453
153
749
328
646
507
698
959
349
210
529
829
63
979
763
249
850
708
307
994
687
830
142
252
15
4
924
334
616
499
166
852
175
586
631
521
453
857
38
642
36
99
344
143
529
78
583
755
241
151
791
289
909
672
317
271
392
371
624
580
93
917
50
210
619
230
430
718
731
182
681
461
766
295
298
63
505
671
947
846
922
772
335
989
754
575
52
66
250
20
216
918
728
254
998
577
265
517
936
696
830
313
739
169
257
621
32
987
86
815
151
609
796
564
859
525
491
998
331
718
238
743
820
236
56
269
953
104
760
86
845
111
558
675
646
518
669
942
617
28
601
213
882
412
160
46
243
850
667
763
73
907
491
837
748
983
246
643
684
200
129
362
39
250
389
475
256
99
812
785
303
810
690
50
29
497
78
67
534
60
400
999
518
441
474
654
526
711
513
439
815
49
723
688
956
402
929
626
105
208
75
120
999
180
184
846
975
773
77
35
604
746
323
465
580
103
547
66
373
955
634
594
105
690
311
841
348
599
602
760
858
383
61
448
556
426
956
760
937
243
406
598
239
317
299
370
401
61
573
728
743
492
17
556
771
236
149
989
240
640
649
860
683
30
96
60
772
166
382
681
971
433
793
235
317
116
353
281
477
893
17
536
37
802
558
596
69
14
540
915
744
422
574
975
412
733
389
410
199
142
957
409
652
584
693
522
670
864
101
360
746
405
727
308
862
852
128
979
254
850
141
268
603
136
616
560
964
470
611
434
279
178
938
399
797
151
410
253
499
601
558
93
934
893
206
1
324
35
551
984
695
901
288
608
426
367
840
312
459
679
283
757
609
211
188
587
966
983
170
817
292
710
693
408
417
142
871
42
108
71
732
772
191
10
884
718
813
227
374
503
635
656
885
587
320
65
532
663
710
240
579
505
880
984
465
530
340
152
497
253
249
527
991
119
375
7
498
591
59
811
209
877
722
210
656
340
514
252
242
953
310
393
357
59
128
767
851
971
111
962
357
411
737
140
776
400
799
940
721
914
53
624
786
753
336
469
589
471
56
331
453
874
141
379
978
96
404
306
707
210
993
558
379
59
108
861
766
968
510
858
850
472
914
506
913
563
942
656
755
813
545
238
478
49
477
958
328
895
259
258
968
160
315
569
570
422
179
411
170
847
21
265
717
161
307
528
765
725
452
540
419
581
38
7
861
935
139
913
471
993
966
623
339
21
997
246
299
804
566
94
595
44
355
25
137
268
664
451
743
348
330
329
245
352
383
676
993
299
186
421
432
742
373
72
668
272
990
738
597
380
189
469
818
312
138
233
679
314
265
738
534
235
607
478
824
782
171
245
163
191
624
721
835
373
967
61
458
2
463
952
154
663
911
457
295
987
519
114
879
99
636
894
555
168
459
932
117
758
899
948
938
184
509
182
567
199
853
928
774
722
823
190
903
525
332
129
289
332
797
955
832
422
460
951
894
676
160
755
212
945
95
486
687
417
714
220
485
91
46
879
223
577
192
237
495
837
494
526
913
92
754
237
995
12
199
36
110
150
716
378
772
518
302
78
194
176
439
58
901
451
923
674
38
927
375
180
296
264
843
144
782
66
566
631
487
956
774
278
708
247
351
577
734
830
32
514
946
942
396
769
630
324
340
923
531
139
631
669
203
485
523
167
881
543
859
715
125
215
665
548
871
255
82
786
929
561
983
435
984
266
256
745
785
737
552
751
405
590
518
613
951
757
407
370
98
587
783
847
605
637
519
248
57
541
853
595
199
318
697
512
659
285
251
81
758
96
568
281
629
984
316
455
861
960
263
345
800
53
714
539
302
421
376
519
495
42
695
596
949
966
14
194
957
310
855
465
132
937
540
303
331
232
931
504
676
445
315
470
308
702
989
680
929
128
694
916
668
478
450
951
390
345
616
120
779
39
906
331
195
214
587
98
790
839
16
683
725
389
178
246
350
37
536
670
918
614
559
973
686
72
987
570
560
718
941
692
96
501
708
29
733
861
366
529
807
716
654
334
288
336
652
916
485
243
434
468
844
510
427
219
533
185
53
45
443
782
149
899
50
803
983
808
192
206
772
629
629
744
523
490
989
909
427
566
962
552
669
555
692
689
516
165
275
672
773
657
472
824
625
184
338
303
896
699
172
770
982
390
33
651
880
806
931
237
101
861
557
651
918
507
453
566
768
788
230
230
326
238
111
669
817
33
439
418
786
783
67
793
628
299
131
748
260
60
858
543
362
680
197
525
727
131
104
390
367
751
190
283
862
947
648
605
748
311
58
35
11
491
963
266
365
421
978
748
392
905
988
636
131
728
738
150
232
164
845
369
234
655
236
558
350
313
138
504
851
385
698
491
204
456
108
230
874
107
559
971
964
792
174
788
968
645
6
341
449
933
547
838
657
140
72
984
85
832
726
925
246
688
873
105
948
934
47
629
955
142
514
576
767
302
219
638
393
734
447
387
417
583
115
158
963
310
961
312
653
831
523
412
44
612
92
686
204
125
316
486
295
390
890
356
938
598
673
251
61
12
53
720
129
154
109
113
681
604
648
727
907
655
290
422
862
484
70
242
108
828
586
290
798
59
568
735
572
470
913
194
317
295
730
315
792
93
336
574
443
102
357
237
113
240
898
443
892
161
717
309
275
531
594
881
530
875
19
440
847
719
770
125
488
182
443
300
527
401
893
782
152
630
999
570
455
529
189
451
941
714
577
782
778
948
164
770
457
121
613
31
104
32
725
633
911
321
123
773
214
318
931
888
825
714
943
389
701
930
497
445
34
496
412
477
272
276
607
557
276
739
843
990
506
131
770
121
161
810
928
932
956
699
283
949
229