94
506
416
992
649
237
457
815
446
422
791
359
667
598
7
544
334
766
994
893
633
131
428
700
617
874
720
419
794
196
997
116
908
539
707
569
537
931
726
487
772
513
81
943
58
303
764
536
724
789
479
142
339
641
196
494
66
824
208
711
800
314
289
401
466
689
833
225
244
849
113
379
361
65
486
686
286
889
24
491
891
90
181
214
17
472
418
419
356
682
306
201
385
952
500
194
737
324
992
224
260
97
210
649
919
63
958
804
518
428
537
346
153
971
662
197
91
529
126
747
469
770
934
723
895
568
172
958
383
308
970
583
48
930
569
3
20
609
887
825
930
904
241
379
376
962
889
443
216
338
160
406
159
31
204
420
153
425
331
565
838
9
918
533
232
957
591
576
746
377
858
86
434
558
279
840
735
574
126
912
739
821
625
917
201
993
149
52
759
267
256
783
117
516
180
25
380
712
266
216
448
541
664
954
726
772
531
943
750
327
917
5
113
913
791
998
859
345
431
675
833
438
523
916
420
115
660
261
772
388
764
843
206
407
639
852
542
60
757
82
637
93
614
136
187
102
972
163
501
477
492
121
80
138
660
229
827
448
230
832
489
586
291
665
660
702
153
606
123
253
709
832
108
888
481
283
858
284
711
850
239
943
195
95
410
664
900
112
963
754
458
19
225
569
97
194
754
602
61
695
347
719
100
97
843
745
286
492
116
531
424
253
426
413
980
291
833
486
9
575
922
145
897
404
742
728
269
103
745
35
779
71
80
842
128
941
227
30
342
605
531
364
359
867
820
313
207
911
308
430
685
641
113
141
690
700
559
481
503
766
7
882
859
182
425
542
683
853
938
89
624
181
878
933
580
252
207
658
20
954
347
759
446
14
657
710
980
188
636
203
432
129
630
509
237
373
838
395
692
103
218
384
931
396
389
640
287
297
977
512
219
555
398
289
798
598
49
572
697
770
725
542
214
887
45
94
282
82
319
626
146
541
874
725
777
554
208
787
976
912
444
3
301
164
437
652
764
41
737
176
136
128
394
235
42
824
684
979
568
367
52
642
335
126
130
583
129
752
167
856
640
770
431
195
448
701
952
880
168
79
961
472
217
709
147
296
909
764
251
878
753
570
253
666
931
433
810
678
123
212
66
206
750
64
466
337
510
796
175
437
938
848
561
718
948
649
569
663
582
843
202
702
579
725
803
340
156
832
602
234
688
184
978
413
633
585
606
963
350
242
539
739
267
165
177
720
802
644
82
798
197
173
81
235
112
103
268
879
643
106
122
444
262
691
997
446
171
549
281
211
112
408
730
363
89
605
938
168
705
47
400
215
114
51
881
549
679
328
250
203
481
752
707
82
63
660
21
287
219
500
820
95
44
748
678
276
478
663
594
757
947
448
570
313
981
795
552
389
280
864
636
512
892
184
947
614
625
149
377
474
18
662
416
1
530
752
22
981
777
957
275
584
582
121
951
668
118
319
896
521
948
248
474
351
54
155
660
871
486
294
425
245
382
371
708
544
794
387
738
520
281
502
91
503
924
16
33
344
349
606
896
595
441
102
52
654
710
434
245
36
661
413
13
370
400
195
984
476
164
405
674
196
608
907
532
51
716
327
880
710
267
400
376
609
320
196
538
935
404
100
126
855
94
731
253
8
393
543
348
318
489
22
998
49
381
10
429
221
150
717
530
332
942
565
216
61
170
872
644
208
680
697
639
679
961
361
802
359
839
718
280
252
280
102
615
296
481
956
230
259
922
706
272
156
552
485
536
70
902
452
35
947
378
57
352
669
702
141
458
463
756
887
332
528
656
254
787
495
370
10
200
327
17
374
755
980
376
8
32
460
804
23
869
943
715
628
73
199
38
209
327
912
799
372
976
120
667
188
28
704
649
746
697
712
289
625
953
462
302
79
41
823
908
665
36
732
809
66
291
591
583
252
479
530
224
788
309
366
352
402
545
113
967
454
723
14
20
308
644
713
482
336
289
496
326
530
167
522
830
91
116
747
395
958
756
262
703
511
481
449
888
599
306
492
803
445
316
889
785
765
491
589
124
741
898
725
682
131
398
906
753
312
790
301
945
447
197
27
573
589
934
209
529
899
15
592
92
575
814
354
127
374
566
594
973
645
603
712
32
298
561
906
626
143
504
836
361
431
554
24
416
735
243
454
932
494
648
357
596
788
536
759
200
566
741
217
219
832
819
487
473
241
64
516
857
218
490
504
707
342
475
175
786
171
232
888
866
976
253
619
642
460
218
218
667
949
89
488
568
526
860
4
772
734
259
270
6
424
204
313
159
205
25
951
721
635
293
712
410
465
366
74
23
416
764
49
817
507
152
256
562
495
414
78
912
59
259
258
841
137
590
383
869
939
282
880
479
454
730
556
195
409
580
99
913
798
318
790
344
80
468
922
179
347
231
597
607
903
310
223
10
845
905
58
93
759
912
906
43
76
552
670
671
353
837
12
889
912
377
56
585
852
715
421
330
51
840
697
848
826
198
341
274
740
339
875
400
603
474
126
973
973
581
788
629
799
475
959
80
917
91
783
773
712
655
953
279
701
706
147
355
100
498
261
591
630
374
960
917
406
759
618
981
641
131
920
534
453
397
51
301
197
910
211
851
42
919
30
674
979
764
937
656
590
337
997
643
652
632
827
659
56
97
304
771
680
344
561
632
666
235
71
327
824
1
948
851
780
603
380
84
684
757
605
304
358
294
742
37
4
707
131
660
89
455
303
680
970
934
951
404
446
349
93
672
158
772
891
532
621
347
227
555
16
303
941
833
190
622
345
893
192
430
160
767
170
810
318
690
224
52
411
203
785
219
61
919
191
711
294
937
253
103
316
625
639
641
139
45
316
218
293
747
879
633
10
356
665
536
823
603
392
258
771
820
139
566
229
325
804
786
983
847
388
632
253
405
137
283
678
659
706
786
313
143
713
244
489
844
896
602
210
930
692
457
241
950
229
212
222
32
747
869
245
575
818
204
584
822
198
942
942
899
375
327
479
66
950
464
286
573
294
137
557
423
427
95
715
403
453
735
1
145
782
848
456
490
679
461
844
70
599
888
395
733
795
368
94
114
46
795
583
321
714
332
257
906
301
277
651
218
109
558
388
121
372
228
208
326
572
50
753
77
266
227
502
337
31
629
215
353
274
343
758
838
478
595
255
331
362
84
16
459
220
16
865
719
292
175
461
301
759
715
207
129
681
261
893
399
377
189
360
14
728
314
225
534
914
94
549
674
434
211
986
863
802
279
31
810
968
187
791
190
410
592
886
875
763
352
58
815
562
571
322
465
418
198
554
656
108
453
909
576
646
114
313
692
759
643
462
860
904
959
663
209
564
233
478
716
616
107
979
466
971
76
886
498
150
442
136
36
37
344
550
355
980
473
957
324
859
570
294
260
674
339
259
382
660
430
760
682
664
358
114
142
19
753
163
121
94
398
587
98
142
303
968
533
982
568
519
277
622
517
720
635
55
263
285
189
628
7
290
655
387
641
742
741
793
802
897
262
193
882
131
482
573
443
203
965
75
807
805
513
472
797
690
295
784
532
155
110
884
173
78
714
633
477
119
718
15
472
328
793
199
999
177
525
948
498
495
890
906
334
385
399
338
520
829
481
99
680
87
802
890
839
339
883
67
544
357
457
444
642
152
59
616
59
987
353
530
958
613
838
85
86
569
479
683
400
370
882
146
116
760
407
447
388
41
658
119
28
457
198
17
432
321
427
205
344
563
304
47
694
91
961
644
109
959
969
42
108
648
49
228
929
527
967
316
582
840
575
503
911
305
989
836
369
587
232
452
900
952
81
995
562
739
705
5
557
490
294
361
900
47
205
145
846
658
849
680
148
96
210
690
19
831
679
726
528
15
564
847
721
9
700
446
858
699
271
977
533
154
756
871
912
727
968
569
163
618
685
650
807
393
276
304
911
233
42
400
162
51
734
933
366
16
177
360
742
725
868
489
501
632
365
196
496
744
145
501
880
248
683
500
389
620
91
721
859
665
416
481
320
865
126
757
963
781
240
330
518
824
935
51
309
18
863
1
749
658
577
579
509
154
923
397
687
959
617
637
623
174
775
608
306
1000
957
641
472
726
305
714
643
708
631
489
829
746
732
732
669
422
54
900
682
666
957
109
454
964
933
140
195
24
657
231
169
128
537
264
46
4
900
802
68
450
126
58
398
486
451
335
162
106
745
969
432
159
634
565
16
610
503
511
752
55
469
829
692
177
211
499
115
984
818
233
424
976
371
406
334
784
676
168
427
432
531
337
677
537
1000
379
103
785
943
412
572
828
771
939
594
19
500
376
689
776
474
575
953
143
510
221
615
599
567
545
727
558
307
564
331
568
881
649
746
393
237
517
521
213
820
199
813
14
803
448
207
86
123
220
158
944
424
311
399
59
253
233
312
790
849
202
552
653
788
893
113
498
442
929
86
12
318
258
524
579
424
468
364
81
399
896
151
626
367
837
640
124
572
408
358
895
884
523
438
278
25
729
996
956
188
519
35
311
195
829
784
904
99
443
738
713
109
388
836
261
693
453
489
514
70
334
711
634
135
271
452
669
128
284
524
143
989
994
280
392
473
231
895
943
548
677
840
358
541
758
542
689
16
721
618
958
265
547
252
605
263
735
178
416
441
398
7
4
27
639
413
502
226
327
170
711
123
946
623
312
736
8
915
22
650
831
508
534
415
896
982
193
389
801
337
489
733
271
942
954
48
919
394
881
917
375
10
448
128
530
541
311
316
473
381
652
2
137
349
100
663
67
443
295
217
911
359
855
298
616
330
160
803
50
208
585
530
951
654
986
812
805
699
500
643
544
970
987
888
646
398
510
625
694
933
493
20
104
230
962
50
351
498
864
228
713
77
407
497
269
29
197
398
747
386
125
411
359
844
580
108
838
408
814
421
999
507
557
645
571
532
426
387
230
246
537
716
563
947
633
834
938
329
481
957
405
689
332
686
989
650
93
119
282
450
3
324
544
957
734
268
699
171
151
279
891
142
380
353
711
929
609
61
398
385
631
859
225
207
328
971
547
628
848
543
864
228
85
668
936
755
832
928
85
242
786
845
480
250
247
188
415
495
149
755
850
14
661
223
649
790
761
418
959
627
668
429
698
486
309
734
751
389
339
572
2
873
257
965
412
546
435
886
378
805
927
587
333
622
685
249
668
885
7
371
899
549
305
66
118
920
297
427
422
244
271
533
2
624
222
335
575
415
617
758
265
187
174
220
311
82
270
682
946
637
962
102
677
139
647
877
766
578
619
922
35
758
229
516
902
559
368
308
625
55
912
60
882
769
594
304
632
755
600
424
91
412
971
588
759
550
134
710
113
356
985
339
992
725
955
961
156
63
631
770
546
988
999
88
870
248
667
302
344
536
195
477
655
187
384
955
720
709
31
853
15
999
941
158
979
736
683
437
614
382
731
699
883
693
904
650
598
694
962
718
719
464
599
727
694
139
315
437
992
304
72
554
712
585
702
251
158
894
756
591
587
86
564
85
122
993
42
98
137
389
205
640
357
541
629
712
425
147
722
105
999
382
859
213
260
60
908
698
664
89
854
663
963
614
914
146
105
411
830
160
686
212
14
845
979
158
939
527
718
675
935
239
317
458
623
615
412
431
639
180
857
640
497
557
398
670
262
425
175
832
850
149
207
651
603
867
295
444
987
820
879
99
25
535
450
985
611
406
54
530
343
967
57
988
981
233
717
950
726
994
524
985
991
783
835
666
526
580
443
165
531
879
667
595
744
1
55
588
865
508
436
37
381
197
376
107
170
363
926
894
52
214
760
934
494
760
691
817
374
439
566
954
717
392
602
163
20
397
834
68
184
952
316
768
423
277
111
543
552
379
387
110
671
811
75
728
149
47
5
712
283
532
480
36
752
768
756
283
478
195
405
151
377
282
720
524
175
799
156
182
504
418
298
486
918
226
749
366
934
388
514
607
53
707
433
218
868
661
289
356
812
548
959
271
50
810
23
847
595
955
633
170
873
246
157
495
867
108
383
679
328
719
59
327
589
740
185
499
713
825
306
292
672
831
896
491
389
192
361
995
445
89
69
858
770
865
659
831
422
832
927
421
827
552
503
687
897
695
56
945
600
162
325
429
913
971
128
163
416
860
655
335
36
825
143
190
277
426
980
784
269
469
799
615
735
456
805
646
539
860
71
411
15
754
964
942
62
930
71
679
5
478
191
378
304
852
161
830
705
601
912
513
153
245
678
229
93
669
471
558
561
932
532
538
400
976
877
879
993
203
182
599
851
87
474
358
626
280
859
722
238
678
559
834
59
624
796
296
867
761
740
382
773
885
49
708
73
812
914
216
562
14
475
227
418
494
577
786
120
383
699
395
317
105
410
675
953
532
321
406
779
66
565
519
854
521
229
866
596
95
938
897
455
460
480
620
34
594
923
151
348
704
970
343
692
58
799
389
389
978
653
417
483
522
680
607
452
623
880
5
872
583
453
122
9
819
691
632
715
829
56
59
28
859
145
160
453
866
400
622
830
859
152
359
221
872
646
663
711
271
530
44
573
550
955
268
937
117
294
105
29
86
656
352
914
712
150
388
142
47
28
567
76
989
794
618
768
732
504
520
8
825
803
550
531
810
381
589
853
424
440
382
801
686
427
124
93
167
259
237
313
211
899
9
63
738
484
777
964
678
285
784
949
117
467
853
635
893
281
375
239
782
497
671
798
699
585
665
277
112
831
202
877
973
501
283
520
641
181
620
137
23
844
993
472
260
931
176
931
358
745
769
198
734
858
500
907
758
34
598
578
684
378
251
370
29
842
909
181
98
684
395
216
781
199
618
183
956
817
576
165
973
451
451
130
424
953
381
706
16
215
51
436
441
540
33
888
843
386
79
272
573
347
694
511
330
477
523
876
191
935
251
56
210
473
285
75
900
591
555
458
959
215
328
108
401
213
530
823
599
773
57
359
58
865
190
472
845
190
204
694
716
732
418
547
5
986
175
561
146
149
884
451
957
385
789
768
91
54
96
624
713
396
491
196
153
39
97
177
781
955
830
877
506
88
630
24
727
766
889
12
451
786
962
581
545
279
754
178
351
133
225
113
962
830
750
398
707
571
681
972
788
586
487
993
483
187
582
678
406
318
36
533
317
350
179
513
147
200
616
368
325
268
119
316
520
586
944
629
662
358
837
896
418
997
513
267
438
949
905
550
884
840
414
138
362
473
473
29
891
556
157
724
381
554
41
600
509
130
499
233
228
169
533
973
157
522
210
929
284
614
801
126
864
885
169
957
345
115
107
427
746
883
139
789
519
55
943
84
208
341
53
2
308
346
513
875
670
587
300
429
747
407
709
151
937
854
316
101
594
612
945
986
918
430
257
283
284
979
353
259
241
467
688
393
30
483
209
498
950
447
222
605
205
294
710
50
465
122
367
874
805
156
59
242
169
3
735
735
530
486
527
506
152
61
875
652
762
779
621
931
435
550
352
19
144
69
370
318
368
712
386
932
754
76
178
930
625
28
869
911
923
688
458
954
413
697
414
621
168
242
166
316
991
640
778
950
174
691
26
714
532
898
381
963
513
674
172
789
624
920
795
685
174
985
848
475
936
201
914
683
936
744
914
647
553
350
157
14
366
192
103
128
486
696
944
912
986
744
923
912
757
263
154
639
11
482
59
6
498
75
549
686
123
766
619
747
521
70
495
523
384
844
216
1000
631
104
468
705
358
285
686
492
832
417
736
55
650
610
849
73
129
961
17
478
351
794
887
944
935
426
890
334
356
183
372
8
29
555
847
432
44
137
132
298
689
166
919
396
179
608
92
294
367
594
580
947
278
246
328
878
155
320
244
381
474
409
141
969
466
794
43
3
371
524
191
584
448
150
894
766
318
86
99
76
763
30
384
325
671
928
845
293
341
178
663
2
691
235
138
995
821
795
439
508
709
862
910
752
798
985
868
221
163
563
158
883
717
781
676
165
346
546
959
77
422
983
810
643
197
699
259
327
894
472
987
994
209
776
234
673
953
928
179
401
531
911
686
171
109
567
408
465
423
283
388
879
100
119
773
10
298
955
105
908
957
416
95
997
927
840
169
987
587
465
259
371
877
75
585
829
251
277
876
771
142
187
733
561
537
50
192
6
656
610
978
394
106
483
891
205
928
368
260
550
963
454
978
73
705
981
873
175
751
245
88
122
184
170
531
461
644
393
3
239
345
872
784
905
582
657
936
459
634
862
524
442
873
294
145
645
830
790
620
42
994
633
693
677
715
328
276
554
829
602
799
253
324
477
905
561
55
402
660
181
759
204
632
56
765
73
857
341
446
631
348
543
418
936
169
902
593
414
490
592
876
631
282
209
961
9
927
2
663
222
665
669
773
465
544
630
799
383
984
787
321
23
792
213
529
242
526
197
472
922
972
151
865
790
158
177
577
652
97
156
229
374
869
938
182
213
460
350
95
640
704
670
333
382
528
180
54
455
259
368
242
798
42
831
61
233
874
55
306
335
351
584
416
192
986
187
889
321
516
166
22
317
344
462
147
380
156
612
721
487
744
144
606
641
564
888
878
287
166
33
61
600
417
12
778
446
255
178
110
979
320
368
210
436
496
996
684
569
156
413
298
898
613
950
44
643
123
259
486
112
90
337
811
41
368
618
435
135
388
519
381
684
528
875
781
335
392
358
447
213
896
959
193
672
858
113
868
268
109
606
243
564
686
814
179
233
786
977
945
667
425
864
14
781
149
39
718
333
136
590
339
441
609
803
966
978
495
760
359
308
131
635
295
676
834
256
845
696
849
873
165
722
911
678
450
325
589
357
381
21
904
458
410
899
630
343
754
415
900
37
699
91
574
905
609
990
503
407
561
302
371
426
888
68
812
666
591
692
194
499
2
649
761
628
139
437
142
653
363
62
482
751
178
418
181
968
265
572
611
164
839
115
418
428
984
897
986
354
167
970
115
498
317
697
570
555
119
581
3
675
819
737
247
302
354
239
792
416
616
812
920
109
439
679
61
183
407
706
567
944
1
503
320
603
646
83
394
943
700
989
900
875
577
623
357
43
789
12
47
433
988
672
365
780
825
219
868
836
620
326
797
475
196
291
641
341
293
456
235
408
963
212
1
612
597
352
755
956
330
16
706
19
78
903
418
191
534
862
543
977
423
404
163
147
235
470
958
144
563
745
196
702
485
506
403
263
791
813
713
323
17
827
473
126
479
169
247
408
452
311
591
744
392
430
177
16
979
241
719
644
167
156
157
314
129
536
192
418
159
52
471
630
843
701
85
299
6
94
252
62
69
896
722
360
399
35
751
434
301
410
653
713
824
259
62
162
638
356
17
238
117
559
14
119
534
686
420
337
179
855
105
745
168
416
698
353
821
435
558
273
505
851
815
695
904
157
712
968
958
832
31
124
866
748
180
53
195
126
360
112
190
162
407
889
605
71
613
571
176
614
412
542
240
275
420
862
382
746
281
234
352
962
689
834
724
957
26
608
803
894
720
55
559
569
844
799
588
429
509
278
570
645
275
23
40
162
70
879
771
10
587
330
844
308
463
746
845
161
57
208
21
124
636
800
870
330
138
649
813
67
945
698
394
638
49
886
363
952
52
24
197
509
781
703
811
845
113
795
612
552
648
885
688
570
324
843
307
535
616
49
33
639
617
824
408
243
816
386
656
613
446
539
805
148
438
785
947
677
575
501
473
562
271
552
294
863
288
358
215
143
685
805
606
179
165
894
212
122
399
243
919
250
604
671
364
429
80
33
94
252
817
848
332
431
982
775
694
690
256
690
456
642
235
15
598
285
22
382
798
925
478
985
600
789
375
492
192
218
491
61
618
306
143
668
93
704
229
580
465
533
916
992
448
912
874
710
856
63
986
591
198
643
981
444
924
584
109
178
243
1
949
695
769
256
226
162
876
915
108
398
37
72
917
887
454
649
320
66
579
432
899
465
916
996
965
573
777
753
416
241
796
180
135
389
586
556
289
400
146
970
292
989
283
393
594
638
978
110
654
227
929
832
39
716
697
25
644
762
345
370
230
746
827
618
594
161
21
384
259
968
693
596
923
625
772
169
682
583
644
61
645
690
10
415
88
104
131
648
988
837
226
682
153
195
824
643
292
722
26
115
778
345
295
305
963
834
879
801
223
177
116
648
468
597
412
630
181
446
308
26
276
252
710
713
400
798
980
424
375
640
610
68
229
19
871
969
850
56
868
360
504
253
395
870
802
654
968
531
454
68
835
704
219
561
196
368
851
122
773
199
898
595
339
685
924
750
909
308
490
860
531
909
381
241
263
623
137
891
879
488
331
884
664
737
995
83
404
797
235
718
453
834
349
123
519
278
552
450
209
586
34
476
36
978
511
254
818
651
688
166
175
723
133
780
403
660
243
898
270
441
702
772
386
167
616
993
276
85
239
383
427
276
930
546
799
702
380
485
330
58
528
638
730
198
242
518
556
555
868
695
330
517
429
843
366
40
627
715
564
907
234
405
995
632
995
69
804
769
718
756
953
492
919
147
303
920
188
185
548
726
860
880
145
176
777
340
192
580
790
859
718
225
34
397
546
832
635
732
652
36
459
749
814
834
438
925
262
409
337
381
657
291
36
310
97
578
9
437
688
291
866
679
282
765
590
86
542
18
284
281
701
757
869
487
841
794
22
37
215
129
155
498
517
451
981
226
756
467
981
376
574
925
934
313
800
449
22
191
641
320
260
428
241
622
739
274
330
134
261
673
146
73
369
673
407
143
846
155
89
123
332
555
602
986
681
472
705
724
834
778
498
73
325
43
919
101
389
710
650
845
741
363
984
71
699
592
391
181
286
968
351
170
705
656
253
482
549
516
691
334
266
574
545
902
366
431
327
420
931
508
631
783
285
793
855
965
961
569
381
743
327
315
888
536
49
206
693
958
193
86
80
943
334
203
382
229
479
569
905
378
93
330
451
324
989
901
425
273
564
986
97
684
824
556
380
550
373
285
708
365
861
532
662
263
190
330
321
479
72
736
757
735
476
730
141
580
885
110
84
893
730
85
67
548
210
609
169
370
934
565
73
270
625
432
351
615
211
601
10
61
233
283
27
971
382
514
348
879
798
596
762
352
525
881
595
599
315
123
800
558
98
726
660
555
934
544
978
877
419
82
98
797
603
500
540
143
957
508
674
102
238
111
586
626
11
942
698
469
812
443
354
89
11
488
749
499
314
94
287
411
696
371
975
681
564
386
54
761
544
799
903
279
975
16
868
163
638
964
246
662
398
655
269
283
632
148
492
246
159
313
206
704
137
806
83
480
294
861
27
883
943
267
569
220
215
925
297
932
629
780
25
971
760
681
803
756
337
81
457
125
604
193
608
60
30
106
717
18
128
606
338
811
354
360
609
284
944
272
983
675
896
868
346
210
586
848
267
876
966
454
325
582
673
502
107
311
39
47
805
311
489
795
283
603
345
151
160
15
633
127
999
322
495
374
689
109
115
508
533
428
359
205
790
274
149
656
352
441
708
341
947
616
972
470
126
410
732
174
324
853
106
236
490
823
475
497
142
163
566
677
873
2
932
685
550
938
491
728
352
826
526
428
71
739
198
685
915
48
668
831
503
294
667
310
623
36
450
444
458
812
504
291
400
488
574
702
972
653
520
676
122
274
843
533
537
265
728
818
155
461
343
232
688
370
140
997
694
440
686
481
723
360
802
206
488
524
507
640
551
427
869
886
6
794
117
222
266
747
690
484
500
337
607
131
911
690
934
241
495
787
29
871
242
679
541
95
874
984
13
492
577
692
499
277
740
161
707
457
832
400
269
371
312
173
843
703
12
92
199
779
298
998
281
47
384
953
135
508
367
491
763
688
538
768
608
608
948
454
941
509
309
712
455
279
413
119
58
836
319
754
313
729
639
391
953
615
580
911
306
599
766
77
365
958
720
831
334
825
734
563
739
186
536
427
10
184
525
337
886
850
240
779
619
805
182
943
405
872
406
743
437
471
343
230
819
333
556
793
596
480
3
487
797
688
193
625
797
103
199
850
607
905
416
535
733
837
384
511
485
523
758
459
776
908
346
319
53
589
175
559
98
251
873
610
91
895
136
122
160
274
427
834
971
546
485
846
463
811
475
798
842
15
940
626
859
366
303
630
92
374
384
375
816
899
770
293
293
103
701
543
139
203
401
889
643
987
121
24
881
454
305
51
330
843
888
604
886
117
886
101
710
64
750
507
174
257
125
318
988
432
272
374
23
721
242
559
200
430
859
885
475
910
89
376
615
9
674
817
433
66
264
587
245
475
299
170
597
299
290
494
966
795
946
273
978
852
340
132
504
282
363
846
750
747
187
788
287
145
795
753
133
475
675
232
663
247
470
380
619
779
601
742
621
774
329
55
541
292
505
521
125
183
785
169
440
806
31
352
996
497
314
709
728
850
905
691
198
677
399
9
562
8
226
165
416
771
383
711
425
857
535
52
182
109
501
240
995
733
613
114
501
178
622
723
820
597
145
439
593
219
647
105
816
962
165
963
103
1
395
931
717
195
192
119
347
628
240
986
670
306
998
419
458
29
705
93
448
678
234
513
968
259
596
181
287
353
51
976
314
520
997
587
921
539
539
793
516
68
104
863
481
491
984
372
763
40
778
481
364
388
702
298
835
380
712
59
966
557
730
772
417
400
205
189
741
55
496
298
226
6
471
271
68
890
741
508
513
637
321
961
384
295
125
747
435
606
169
877
493
47
652
423
413
874
371
442
481
129
655
154
907
256
779
10
935
678
348
898
466
683
951
540
892
792
453
682
630
961
585
218
501
605
216
714
724
36
400
875
61
72
305
121
425
836
774
760
378
167
196
1000
128
290
626
490
312
853
87
497
774
421
63
882
756
881
630
35
328
519
818
326
945
43
772
927
506
129
247
770
550
685
767
765
497
538
939
587
197
767
380
687
722
3
211
493
627
482
438
124
960
964
819
941
926
532
274
572
512
727
622
214
377
849
909
482
567
515
259
376
57
719
642
316
225
593
253
203
403
647
960
891
364
218
857
239
931
747
434
641
578
366
468
654
285
265
916
709
601
269
433
879
686
396
67
80
717
105
277
364
931
874
180
170
84
41
518
580
335
974
955
837
320
942
143
569
641
799
861
183
103
913
461
634
275
342
206
947
285
649
172
816
763
59
475
776
592
17
937
412
188
206
319
599
394
679
360
991
413
985
737
281
625
101
79
632
688
796
827
989
930
699
696
680
675
592
619
837
88
194
546
912
49
508
925
689
432
618
192
864
33
417
902
858
208
315
847
176
221
169
458
311
362
86
891
410
227
146
990
866
620
764
617
702
446
223
670
866
483
493
750
260
229
94
222
129
418
514
965
4
698
346
828
592
86
506
28
584
459
130
155
669
597
880
479
24
132
222
912
947
305
570
130
395
65
632
872
280
561
298
186
259
647
104
175
895
375
824
195
665
387
646
434
8
785
268
290
628
417
531
468
10
44
640
620
486
597
439
300
687
187
275
100
494
981
484
220
742
876
806
960
965
764
832
131
161
58
706
84
68
255
453
515
336
403
919
652
291
794
988
322
236
298
805
877
467
346
428
652
92
709
365
651
644
100
343
566
522
807
921
659
415
396
668
404
734
734
335
2
980
607
925
498
320
101
192
427
971
576
282
214
481
602
950
380
438
957
459
371
338
512
536
153
485
2
241
39
2
501
840
862
608
123
284
53
499
964
253
672
807
214
957
130
941
811
72
500
540
382
396
811
481
389
801
165
974
568
538
164
30
728
634
105
215
464
488
129
206
183
34
419
374
196
957
904
609
432
523
209
740
487
994
548
607
430
708
687
506
470
657
267
785
47
838
345
369
757
256
832
936
815
801
564
288
794
610
976
763
145
671
373
952
8
798
384
804
524
247
815
650
604
924
748
699
618
354
680
734
859
142
712
129
322
689
740
37
528
732
346
77
407
260
767
415
297
918
310
337
21
299
206
788
514
853
591
316
354
608
109
902
800
441
227
833
418
162
745
773
230
275
55
958
200
122
367
688
171
292
14
948
683
417
906
258
561
707
357
909
718
935
208
26
149
666
104
816
813
84
373
792
485
760
333
733
278
857
13
149
668
15
760
599
829
591
989
451
759
38
732
4
957
198
137
176
763
279
975
294
957
815
550
206
220
265
910
580
328
426
929
46
726
182
772
537
938
103
853
71
238
374
54
771
953
248
672
914
729
993
569
979
721
995
102
600
562
576
577
11
278
891
859
521
167
939
234
209
740
576
92
766
845
635
274
720
809
874
390
951
702
681
516
576
425
873
772
412
313
644
485
440
104
246
171
199
497
902
850
513
395
946
913
560
779
238
656
677
582
221
281
654
564
198
314
651
477
615
344
588
680
317
76
852
254
978
58
329
363
733
725
769
885
933
532
549
26
445
328
897
990
33
411
946
338
655
713
70
38
999
898
727
519
275
606
488
928
367
815
245
229
577
338
15
899
297
717
29
570
594
98
156
26
943
650
568
912
590
155
576
130
360
810
149
246
934
953
274
679
285
569
637
312
979
657
996
934
783
709
849
185
916
478
158
899
726
568
105
543
706
335
457
74
458
425
38
254
503
806
452
922
612
794
888
482
785
289
577
644
789
290
64
888
291
973
391
943
229
580
781
805
700
757
601
591
845
341
570
997
60
166
181
304
509
745
814
268
781
365
716
647
253
182
577
664
599
389
360
912
750
422
413
52
402
829
632
888
849
96
881
589
551
647
581
987
6
855
479
639
878
914
7
470
790
583
510
215
944
544
671
357
488
774
568
410
669
295
606
349
935
736
76
4
222
403
220
2
217
50
867
234
516
873
713
289
48
447
14
335
422
397
686
38
44
205
749
657
646
747
804
150
805
271
369
908
499
305
978
301
989
563
411
509
383
994
890
408
27
197
521
127
394
932
780
779
640
673
382
336
884
642
8
11
773
124
218
628
653
393
415
180
585
539
189
608
47
318
250
467
607
417
384
495
850
173
577
757
317
948
818
215
782
579
476
804
909
407
286
860
740
587
700
968
279
848
43
275
37
316
809
43
340
859
241
599
624
536
981
290
868
581
202
174
478
845
335
314
831
145
861
116
857
848
208
271
447
988
187
494
999
427
872
438
266
844
598
463
691
261
528
435
148
203
244
894
163
818
489
723
618
480
479
253
194
118
330
379
39
366
855
41
775
789
501
406
10
498
197
960
330
461
706
361
244
384
617
509
502
441
26
961
182
670
628
853
472
718
492
442
208
318
734
893
564
593
738
762
883
391
944
888
72
503
724
171
318
284
906
829
717
746
58
603
363
817
493
414
172
57
133
54
491
628
432
248
469
584
838
281
508
129
990
137
26
346
652
993
889
741
470
812
833
397
361
689
714
987
480
14
141
494
605
494
718
17
798
764
308
1000
17
845
639
522
479
994
249
104
76
91
149
868
628
316
51
555
520
915
825
819
255
383
299
933
332
946
323
835
150
808
625
546
163
158
419
465
923
371
309
440
59
721
835
146
942
748
698
130
909
161
938
465
568
224
717
510
475
811
777
676
482
868
858
807
164
306
264
166
10
940
119
122
265
363
953
597
571
228
429
828
610
211
739
85
877
921
910
713
560
447
368
946
512
872
352
38
388
474
303
209
157
349
30
782
806
514
889
63
844
476
822
632
510
218
206
847
757
42
731
838
141
663
408
655
418
476
292
814
427
511
838
603
842
366
785
293
130
36
601
791
271
500
228
614
505
428
818
600
232
460
85
286
137
932
649
458
303
265
180
945
922
927
207
370
987
623
146
517
749
131
203
349
53
253
8
950
19
235
279
158
126
381
709
951
315
109
260
619
455
213
714
998
71
588
416
480
759
993
720
48
655
806
38
577
271
845
152
552
972
430
910
395
104
999
49
235
813
770
711
234
754
602
973
277
524
125
235
147
886
803
651
132
113
372
82
83
156
30
341
260
940
21
837
998
604
696
227
313
550
698
932
959
344
766
821
583
824
970
191
997
472
980
684
347
362
448
495
667
219
295
448
298
244
368
213
438
412
114
738
616
463
864
721
875
809
483
34
770
827
483
652
245
893
854
25
884
473
975
550
642
886
408
712
347
522
767
287
557
359
292
886
338
446
321
728
572
430
488
60
520
565
104
298
331
197
472
180
807
640
938
5
134
556
153
420
61
112
874
442
355
716
854
15
383
117
662
40
900
590
445
380
479
839
474
561
167
656
114
451
868
502
617
862
825
62
938
614
378
741
2
389
398
133
977
469
989
226
208
633
634
392
587
144
561
311
295
90
410
103
253
432
476
852
237
615
186
850
3
941
561
673
421
90
199
497
747
240
213
303
461
788
526
950
912
602
853
574
985
307
826
713
127
738
149
600
229
74
985
673
21
778
330
692
541
64
983
641
957
809
80
835
535
767
24
879
541
321
91
13
414
646
41
349
642
81
257
603
408
902
998
540
958
371
325
310
273
544
292
843
992
22
236
790
541
651
384
59
499
380
451
747
920
394
429
285
4
773
239
46
176
851
745
578
264
673
466
279
441
608
344
248
795
649
875
272
727
249
510
603
945
829
198
432
742
991
336
720
503
918
686
848
756
833
731
570
906
717
650
32
677
49
642
249
525
841
564
921
989
752
355
141
967
996
834
860
96
701
201
622
26
445
872
576
276
32
890
534
28
974
467
255
597
852
618
21
704
510
399
633
351
768
821
322
805
471
449
343
735
196
544
424
197
232
412
568
185
689
768
133
166
499
135
566
225
472
368
492
507
912
956
953
837
857
46
515
763
247
577
841
249
292
565
332
888
505
379
127
97
498
731
191
728
174
444
556
50
789
116
702
863
551
620
151
776
91
421
239
553
821
724
762
456
709
417
964
123
487
675
765
446
517
29
61
90
966
460
345
806
562
479
835
34
996
709
797
662
654
458
934
87
559
457
731
578
336
218
422
711
674
621
227
150
33
885
829
493
52
886
397
879
970
455
163
597
789
928
826
121
282
285
328
942
687
992
747
345
812
98
348
730
370
618
551
443
350
563
457
15
254
754
248
148
474
758
254
737
612
374
766
1000
448
926
973
380
660
521
481
108
616
847
341
934
671
905
627
308
484
456
751
2
285
265
202
565
835
331
685
453
607
158
281
859
510
381
733
291
734
325
671
411
478
435
17
114
825
586
133
833
419
210
89
861
658
185
884
178
918
21
182
681
312
240
91
834
838
730
664
34
925
218
532
934
693
725
16
269
561
620
103
586
683
50
214
255
212
276
404
883
465
998
403
28
270
468
933
61
23
742
159
201
937
138
976
885
949
221
234
265
805
82
856
327
373
81
430
787
90
568
740
272
438
414
899
17
81
50
189
605
529
392
1000
640
59
523
908
473
175
19
544
358
135
561
680
561
959
22
577
710
94
559
427
858
908
995
238
341
842
362
493
760
844
647
797
391
209
263
558
824
889
264
72
82
782
306
591
238
787
393
696
89
943
664
113
503
571
774
572
585
311
893
827
808
192
925
805
239
605
365
256
820
525
330
228
662
257
102
134
616
1000
778
233
988
342
531
374
713
875
968
693
718
993
577
953
139
510
641
480
414
798
373
48
355
601
459
859
611
75
579
75
190
974
833
182
504
713
784
498
647
4
415
185
570
313
216
630
595
684
435
534
678
51
103
184
943
279
409
565
775
249
627
623
488
13
670
701
780
609
103
421
177
422
749
193
807
574
745
922
247
412
716
959
197
910
404
263
391
598
622
866
4
252
469
947
366
605
745
952
159
103
384
336
431
498
249
395
44
424
11
654
727
204
890
260
805
455
954
949
691
558
993
42
721
932
305
678
328
998
715
22
139
74
812
154
377
758
835
361
473
471
928
424
835
774
439
651
701
932
443
186
468
351
914
885
118
698
863
792
54
225
850
287
527
889
82
642
487
396
563
50
270
331
184
889
228
865
433
414
829
598
61
846
392
337
874
364
203
557
863
345
193
204
720
979
740
998
649
658
850
755
217
526
43
772
401
418
720
813
322
972
814
526
746
362
753
621
319
437
816
180
449
177
711
353
428
259
376
192
483
753
304
843
798
397
360
530
436
490
633
555
329
773
510
562
89
900
101
849
730
954
558
713
422
120
458
399
118
957
580
136
135
751
435
164
344
999
374
334
362
713
382
305
710
80
710
260
866
230
294
911
364
345
923
363
844
935
152
518
390
531
313
284
613
12
826
942
729
661
875
542
937
215
590
449
977
496
223
827
125
255
611
262
852
236
57
90
861
988
659
326
980
923
125
701
742
537
933
481
416
413
41
996
771
484
211
41
443
514
400
415
482
166
324
37
657
778
119
967
368
665
858
599
353
695
850
804
392
460
108
622
781
433
367
127
207
824
164
875
98
519
449
600
682
805
345
726
613
28
157
96
5
869
798
977
203
62
15
240
724
927
703
163
344
519
941
39
773
75
170
102
744
928
730
198
123
876
914
641
551
48
299
391
764
664
629
509
524
904
300
272
355
168
214
554
913
417
443
92
837
302
83
530
747
891
835
922
951
945
368
60
608
223
801
18
693
898
344
697
634
221
369
78
252
441
914
138
992
470
1
454
527
983
736
367
589
82
228
962
997
77
465
344
382
482
119
763
736
315
480
999
423
318
319
305
191
689
169
315
397
62
959
565
620
416
98
341
205
164
389
880
397
953
575
494
66
487
725
889
262
115
435
806
146
545
276
898
772
896
549
669
545
857
670
458
578
896
104
324
891
641
223
363
63
139
120
732
485
280
4
324
373
483
947
173
603
144
322
479
403
982
317
248
538
656
324
451
971
591
178
629
991
25
488
178
771
277
54
596
990
996
651
52
967
617
231
463
58
569
911
649
844
36
657
868
634
457
627
298
686
437
592
46
569
748
978
575
513
878
664
45
380
91
41
121
867
495
687
705
536
566
325
545
255
568
809
626
504
606
154
702
763
2
514
25
106
451
772
298
2
334
982
79
273
421
696
268
409
76
811
420
675
558
323
310
269
332
301
265
820
565
737
583
250
447
488
589
624
476
998
865
548
541
121
914
844
755
287
987
49
535
780
48
389
897
953
887
676
102
317
272
750
888
464
477
99
266
418
634
693
281
152
709
801
435
983
774
430
971
222
688
67
947
832
998
5
487
143
206
862
264
810
17
14
982
535
328
142
77
57
672
24
809
386
687
448
145
1
708
685
694
718
994
760
37
681
605
42
857
334
498
258
121
282
371
501
735
382
657
684
830
979
599
817
315
709
37
17
589
616
738
418
781
781
665
318
694
421
596
182
845
188
772
176
713
783
374
905
164
350
230
427
479
138
376
72
681
391
665
108
217
723
506
574
607
533
77
383
606
766
285
273
965
106
434
568
136
864
978
820
267
693
409
357
311
13
561
53
2
994
978
833
780
442
411
480
548
476
966
913
238
835
207
9
207
57
109
34
999
45
592
141
445
789
232
840
494
748
820
536
727
5
48
56
486
741
613
767
92
700
788
862
237
748
731
879
581
320
678
575
212
894
942
740
235
197
701
870
181
311
280
450
126
631
515
66
359
916
648
797
679
508
584
813
290
705
927
316
390
87
916
605
921
483
798
697
844
749
983
862
634
678
268
481
553
970
275
989
863
207
364
937
101
964
568
238
119
458
708
110
946
86
710
590
116
476
358
740
416
197
518
609
806
297
442
359
494
973
321
235
438
342
713
332
519
828
62
905
395
400
523
447
729
301
582
529
743
466
152
709
390
13
755
253
234
505
50
931
543
385
139
139
244
626
752
596
275
92
609
15
207
617
203
438
868
828
19
173
249
939
195
820
593
917
20
419
845
573
882
916
683
996
435
581
578
122
311
2
795
389
841
134
265
511
947
683
473
364
470
636
994
33
767
250
470
206
898
68
679
484
715
812
786
944
704
105
438
453
880
167
278
237
662
48
786
321
701
334
353
235
965
78
738
787
396
278
950
46
462
390
224
272
86
467
20
251
73
655
770
813
41
354
659
94
640
275
523
567
552
71
469
475
417
193
986
257
515
399
210
39
823
195
904
856
905
919
521
247
760
631
909
345
532
226
540
719
15
505
874
105
932
398
116
915
939
318
480
3
506
239
56
336
653
626
239
316
766
689
626
875
789
690
887
273
560
737
321
103
563
769
41
983
250
796
910
435
906
854
78
729
595
133
170
321
800
371
621
796
620
794
773
751
806
30
464
462
685
110
600
848
189
459
959
433
264
487
795
939
693
543
770
947
124
977
311
258
928
318
187
9
19
969
156
483
388
725
608
366
556
442
138
434
260
88
980
903
784
417
611
131
326
611
142
330
751
284
735
499
421
419
119
665
619
101
445
15
440
14
296
66
371
859
136
363
967
310
632
114
624
841
110
555
36
273
753
12
771
796
578
957
199
283
755
694
540
632
730
419
800
681
222
507
148
58
960
556
544
918
476
969
482
831
109
900
88
753
771
715
80
778
448
374
631
564
598
310
399
513
954
712
990
414
20
536
597
232
660
134
150
449
334
139
365
747
86
324
456
915
996
222
863
103
577
792
635
328
712
651
842
24
733
468
881
245
905
25
216
724
811
759
561
238
680
450
585
509
699
773
885
103
205
29
894
362
998
937
773
318
505
20
703
670
972
521
673
310
13
846
452
541
557
769
178
852
336
341
422
838
259
886
336
950
700
536
54
187
869
755
764
86
297
401
412
873
501
398
686
242
168
55
505
429
282
283
943
85
96
316
293
868
774
135
216
390
779
743
696
74
720
381
512
200
633
475
979
475
817
435
456
511
802
692
23
19
123
861
882
801
191
344
884
753
548
152
412
297
217
98
979
343
654
903
689
436
911
8
579
826
601
560
576
55
491
845
486
912
870
87
729
750
381
775
149
99
805
561
238
373
205
722
878
26
471
49
695
866
45
697
4
56
684
61
332
329
403
275
263
706
253
993
110
653
658
867
558
564
705
962
45
204
553
837
939
3
347
476
10
283
449
679
79
228
634
899
190
164
363
653
632
18
718
340
880
783
862
578
33
595
145
939
290
29
964
765
401
827
426
686
275
941
877
953
690
950
547
464
13
651
66
10
555
169
131
638
887
626
154
918
373
312
651
629
27
616
303
825
185
513
380
737
928
330
696
15
270
542
863
550
904
515
319
452
223
542
547
777
139
536
100
622
546
76
305
903
449
862
696
561
545
356
122
739
707
32
26
105
356
228
334
284
313
773
548
778
116
633
974
460
628
920
734
210
56
781
866
352
501
597
736
469
474
846
187
630
163
265
12
15
243
129
608
385
48
345
688
780
562
993
860
303
843
530
111
954
408
364
406
946
350
494
240
341
533
598
30
961
280
268
76
161
779
571
726
871
555
824
275
227
673
105
605
562
302
550
487
998
592
514
373
652
419
866
791
521
185
148
181
84
818
426
19
271
436
20
583
430
115
617
870
93
489
382
114
941
247
284
110
263
729
110
103
215
94
40
268
778
694
713
63
63
217
721
802
282
574
747
194
652
537
539
263
19
274
745
17
496
349
364
516
35
84
704
188
841
518
224
161
326
284
803
268
203
598
682
704
736
801
48
337
642
579
784
432
14
597
986
868
731
280
799
201
644
176
376
333
563
124
874
29
287
267
163
204
614
951
126
101
323
597
387
987
369
587
391
863
493
449
458
538
511
840
523
390
929
973
910
896
806
366
622
937
124
379
210
360
978
614
811
337
802
963
676
488
687
864
633
94
640
93
784
827
739
757
218
825
442
179
306
759
161
21
468
739
629
28
495
902
989
281
771
380
549
161
411
169
686
242
12
452
847
771
556
687
150
991
331
420
39
546
188
801
427
394
940
340
946
103
266
880
537
306
29
574
420
841
369
572
125
393
937
473
786
666
277
414
2
303
422
278
904
450
549
294
30
788
111
861
915
98
459
52
381
888
865
655
471
306
860
658
196
53
25
469
913
434
238
400
206
435
659
407
725
860
571
206
417
594
171
717
680
807
786
100
97
251
7
792
294
460
366
916
659
919
59
768
588
348
924
981
434
509
42
271
783
198
848
657
60
294
738
907
154
509
791
743
990
900
15
127
562
255
262
625
314
397
766
107
292
350
72
182
727
676
19
678
356
490
787
807
328
551
491
273
207
892
579
421
506
81
706
182
185
107
220
145
905
977
956
396
215
26
555
682
123
744
239
156
638
991
4
897
955
206
358
367
553
364
636
591
30
107
654
332
445
929
816
116
585
802
116
997
711
774
715
384
856
305
44
721
260
213
795
437
503
841
683
771
111
557
332
523
11
347
501
681
213
959
810
810
177
159
23
492
707
12
562
266
988
479
588
22
85
324
760
893
186
841
178
502
473
55
673
130
336
72
870
69
257
271
522
507
576
642
571
251
275
467
743
655
193
922
966
634
915
404
452
344
622
599
972
856
279
427
277
293
692
978
609
768
401
535
584
79
488
163
153
433
279
203
914
719
974
42
746
380
102
21
173
638
186
338
31
634
25
127
951
155
657
449
126
555
541
297
549
135
592
176
74
558
767
852
427
867
747
240
984
102
372
960
397
287
118
441
93
811
151
357
431
275
582
901
861
396
38
916
816
777
864
874
932
43
684
998
338
353
408
539
928
855
974
267
794
683
762
862
853
235
378
492
902
455