482
257
286
517
404
713
45
924
873
160
1
838
40
58
676
627
766
862
405
923
379
461
612
133
813
97
908
165
996
623
220
298
157
723
144
48
129
148
35
644
632
272
1040
977
312
778
567
965
1
616
569
628
493
76
733
575
288
775
723
912
64
354
565
210
922
775
566
934
626
742
194
485
483
617
876
653
896
652
220
727
900
563
56
157
280
537
284
920
124
239
459
931
504
910
382
795
485
351
289
865
250
738
75
788
947
651
595
993
663
265
338
637
206
328
618
64
139
806
412
912
715
1
929
1025
410
273
507
450
174
882
427
787
355
734
1
248
397
159
874
449
857
286
976
908
103
1071
1
117
697
424
439
74
442
568
195
854
281
433
845
224
487
181
496
690
124
575
374
766
149
776
793
674
696
90
732
214
935
228
619
349
734
964
644
484
491
628
1009
944
315
92
554
757
88
952
818
628
316
818
255
432
763
490
721
587
530
992
491
343
880
645
761
152
241
727
352
246
1
479
958
749
551
538
319
580
501
487
349
252
731
637
339
257
271
740
1002
404
190
254
277
100
648
810
535
702
855
76
773
917
279
123
922
613
658
705
101
807
883
358
634
786
618
644
141
466
340
495
283
352
886
95
291
217
1007
1
219
764
1025
600
895
690
738
1
772
727
774
340
503
1
432
228
993
1058
130
821
189
943
343
404
560
196
418
782
314
59
778
979
828
584
122
741
566
760
385
395
250
789
492
261
914
380
537
731
361
473
737
708
635
804
827
695
756
57
178
688
1
871
415
510
1057
764
193
905
583
696
887
444
741
12
313
81
828
354
981
499
283
545
635
540
689
946
730
703
14
644
241
793
912
461
801
424
744
272
338
193
987
432
505
944
653
38
468
461
1
576
329
274
701
432
851
915
137
927
903
373
770
160
285
231
366
317
423
420
216
772
271
566
243
725
390
491
225
392
781
434
535
368
938
946
353
1
707
143
630
364
822
147
54
91
431
606
917
553
473
222
954
369
413
717
491
447
44
994
518
448
931
369
181
815
655
267
960
611
271
771
993
359
810
563
360
264
199
1074
131
41
423
197
779
344
536
140
669
938
715
67
321
434
19
928
759
178
160
277
467
653
330
966
817
1045
508
492
743
884
259
56
1
421
270
99
429
1004
512
702
657
862
516
246
592
641
390
831
522
611
825
929
734
718
883
355
426
668
235
1080
397
137
648
342
799
1067
313
452
441
214
1059
260
579
897
316
526
909
139
634
384
577
840
509
262
934
513
556
97
107
937
370
193
802
134
390
439
1034
636
1008
191
429
445
483
347
769
540
212
789
317
381
714
24
570
771
1052
776
290
470
367
626
879
688
553
112
440
510
741
473
289
574
85
36
362
310
129
763
31
69
470
739
726
57
476
498
669
112
934
854
112
246
1
481
883
1051
763
417
900
573
601
588
900
327
199
847
240
862
635
680
806
767
495
870
259
476
512
467
1001
798
819
835
502
119
652
82
242
215
291
687
550
1
249
203
865
189
758
90
188
621
807
481
1031
349
222
260
551
245
631
183
873
656
5
137
579
656
373
232
352
428
598
943
582
120
573
218
347
628
1
642
959
983
186
60
513
143
234
290
597
452
521
837
267
20
1027
690
235
199
186
374
244
424
438
385
337
945
686
698
16
464
655
911
839
144
535
65
230
806
312
578
699
817
105
886
360
658
53
1
319
36
879
595
721
80
981
838
654
480
973
647
243
152
183
140
263
856
338
792
403
560
238
214
1011
453
330
819
469
882
279
811
82
341
271
397
876
128
1016
243
843
949
451
1091
594
867
353
471
100
401
591
884
607
651
209
133
741
372
950
403
419
780
345
618
766
335
288
795
777
117
541
499
1025
217
799
944
329
232
367
552
220
353
811
176
35
548
1
142
400
298
27
421
40
462
359
299
395
382
206
980
1
285
109
813
219
361
601
155
442
405
253
57
894
548
763
542
704
44
545
1018
803
730
59
423
590
266
325
307
422
403
524
613
1033
403
820
777
631
298
302
505
461
351
556
638
152
236
831
882
38
100
1006
661
596
748
528
587
492
783
1017
546
368
618
662
563
553
161
612
926
972
249
948
662
735
682
722
146
75
276
890
1
1007
302
607
646
488
565
239
448
906
564
647
339
757
213
829
229
703
257
255
123
321
517
768
1040
439
282
739
128
471
714
467
298
411
760
435
245
865
658
457
694
882
415
555
705
525
276
871
582
639
181
200
201
35
5
85
239
359
948
771
804
457
284
485
803
629
358
13
808
68
96
956
101
767
577
1
278
388
318
847
592
494
615
265
806
754
94
113
203
896
712
1000
69
279
847
509
686
946
652
872
237
314
789
440
526
714
791
816
385
557
562
715
815
752
1
280
498
116
155
872
572
551
1
399
306
153
81
84
755
504
724
94
725
266
660
263
341
635
519
647
24
259
707
162
925
830
600
931
177
862
437
918
737
227
595
343
194
683
616
401
608
923
928
731
435
265
828
583
275
812
212
659
725
348
774
845
593
393
511
5
689
916
120
624
781
174
156
769
433
57
389
822
760
360
545
991
669
142
707
935
156
357
630
1041
734
730
166
223
834
648
918
781
362
760
454
853
294
779
407
86
182
49
623
786
765
981
29
69
914
448
476
752
847
609
660
700
1
616
963
735
615
143
582
525
253
877
321
988
562
866
754
193
846
977
220
310
375
512
112
176
262
123
826
1063
839
505
838
680
229
759
188
241
166
773
324
777
285
200
663
916
833
433
168
386
360
612
755
282
474
215
351
571
838
722
277
521
585
526
808
291
838
793
394
801
395
783
555
910
195
315
796
687
808
357
690
974
928
722
164
394
38
688
1
146
741
88
636
265
590
66
508
133
494
785
433
364
129
659
330
950
673
285
493
120
795
186
391
933
112
186
190
714
267
548
346
1
958
576
311
292
261
622
472
714
575
667
297
546
390
595
570
893
408
947
697
896
914
623
122
229
210
36
266
207
391
174
897
802
966
464
163
552
825
167
864
885
952
574
632
915
1037
471
364
331
671
34
405
273
844
438
888
174
1
581
112
406
3
782
186
228
483
346
220
237
249
51
1
106
430
855
834
484
240
781
394
805
23
527
418
182
783
347
478
435
18
332
373
282
273
486
358
884
329
491
1039
781
889
813
538
721
810
236
558
527
377
467
230
537
839
623
693
922
42
524
845
503
310
91
916
863
726
214
621
59
1029
118
1
933
377
926
675
1
1080
444
259
383
144
617
169
392
821
887
135
482
347
326
1048
353
691
822
1056
867
349
566
126
758
113
923
1063
914
564
221
536
465
124
222
669
774
565
431
471
602
371
821
447
122
749
706
367
898
17
584
815
53
878
735
38
880
233
1
147
595
841
584
425
1
1
682
22
798
954
615
585
976
448
917
178
346
113
641
652
819
235
509
602
519
305
608
911
546
205
799
112
440
669
313
441
601
815
898
133
808
463
471
215
325
402
671
113
933
585
945
891
502
798
982
258
691
307
901
670
338
921
642
793
1
214
326
35
755
747
497
233
551
348
921
675
122
173
397
81
112
179
245
300
1027
832
970
493
633
812
549
726
767
450
641
351
162
388
229
84
325
518
792
382
146
426
885
255
81
671
676
844
748
92
696
949
904
1037
345
681
130
123
684
9
464
551
364
845
450
645
853
155
1007
120
743
816
71
833
148
486
270
836
385
954
852
90
552
1
762
1
231
99
536
486
945
639
164
966
679
736
425
714
134
337
418
840
471
361
745
374
153
841
428
420
383
331
182
687
188
226
982
432
410
971
832
710
1
711
715
535
399
401
620
339
150
741
89
535
229
124
970
849
558
173
1
29
800
581
794
657
364
711
283
526
717
900
557
495
316
599
340
144
1
285
168
167
190
86
180
337
522
907
601
690
830
398
227
1017
870
979
149
330
655
565
624
11
813
821
1
291
809
406
192
188
494
769
115
945
312
859
809
61
110
149
192
742
600
580
771
230
258
383
312
951
962
467
966
63
571
182
473
624
619
275
551
1071
868
776
187
245
196
686
321
100
796
292
417
293
510
731
983
149
220
601
304
575
631
533
533
439
141
794
242
772
728
62
141
454
892
880
804
724
499
850
476
859
313
874
875
909
431
432
329
935
204
827
764
376
933
69
76
310
798
311
388
776
593
577
576
925
439
1064
236
393
267
766
146
28
579
539
902
527
586
1
725
706
120
752
828
887
321
775
188
766
253
483
130
419
886
440
579
45
666
736
792
219
194
938
225
161
576
439
663
172
225
402
1
750
448
739
218
522
1012
557
610
1
999
484
922
539
635
417
615
149
66
483
903
555
874
346
1027
187
1
332
193
796
561
417
248
358
190
653
54
496
395
729
1
715
170
666
711
457
504
598
829
864
657
1
815
593
709
90
820
553
528
948
1018
1069
433
563
617
367
897
263
545
270
212
967
227
779
346
86
684
291
992
712
664
896
547
466
193
438
323
88
549
120
218
273
500
651
696
432
542
46
458
639
207
507
1067
825
716
755
608
514
209
133
209
216
355
208
305
616
428
157
404
271
266
119
534
376
712
131
883
214
416
752
41
806
947
163
958
734
984
745
284
556
76
711
782
149
601
150
343
142
869
868
190
316
946
246
176
745
233
261
442
554
19
765
1
232
688
409
935
458
152
138
665
959
661
920
578
37
250
933
732
583
422
72
287
359
964
259
566
240
916
133
454
568
996
282
741
976
444
510
629
307
472
926
746
43
705
835
700
188
126
475
473
558
430
151
463
365
775
330
328
811
138
170
520
1045
665
298
170
837
209
742
809
888
378
749
149
546
274
786
622
341
864
1011
830
1
725
805
680
1050
328
445
646
889
625
753
172
574
891
772
455
260
563
287
626
562
848
178
601
1014
135
222
630
878
437
286
588
1
1002
433
417
297
856
145
93
693
735
209
212
599
405
950
862
663
673
1042
1
251
927
808
567
895
235
145
164
601
742
633
590
250
930
590
320
470
80
882
628
230
200
235
582
830
571
166
934
906
508
908
674
298
675
386
980
869
561
661
297
761
325
850
706
143
566
509
807
553
258
367
1
309
551
845
1042
209
955
978
236
219
1018
761
452
223
681
298
861
1
818
418
981
682
461
580
648
921
80
448
380
838
734
616
930
429
753
791
341
278
288
273
293
121
61
182
896
216
440
809
264
795
501
323
287
185
945
848
601
941
48
128
339
824
983
1
270
446
245
206
354
478
843
790
217
1
289
780
327
171
394
600
840
431
956
350
284
415
508
824
603
278
298
930
717
314
473
591
277
170
372
272
250
930
347
189
951
385
460
870
205
809
561
999
574
321
469
831
591
263
712
629
191
658
196
464
717
1
195
821
313
519
911
227
763
972
853
110
157
829
632
653
789
818
331
925
913
215
473
107
453
398
118
736
713
796
181
85
395
421
891
1015
473
475
619
569
132
657
752
1
377
461
128
189
776
482
552
512
794
993
678
364
839
1031
629
431
260
683
771
810
180
336
614
703
835
578
597
466
419
1035
649
730
258
581
972
580
541
558
714
162
423
471
530
293
721
854
58
1
628
162
826
324
372
746
374
712
742
1
595
771
181
126
928
650
601
699
814
338
341
1
727
709
260
718
750
16
325
355
1024
931
803
626
626
851
66
856
790
67
549
363
90
865
106
242
623
476
674
132
304
113
455
850
130
831
788
228
343
259
357
1
513
1043
1068
886
871
915
89
902
585
690
1
1090
554
333
981
534
1
885
120
1052
176
184
623
250
610
118
953
1031
1
758
855
48
634
8
403
625
203
1
472
517
44
243
287
169
610
502
424
867
112
660
874
427
22
213
656
840
795
464
678
702
635
658
909
394
919
983
919
511
820
109
199
343
649
538
208
519
704
523
853
629
670
479
170
679
866
543
464
991
89
50
815
1
775
97
571
522
536
353
523
154
447
526
671
614
749
277
135
153
1
956
417
239
200
203
44
822
404
610
118
72
1
88
201
148
610
312
576
402
894
105
353
871
138
887
255
8
636
449
660
563
714
847
824
467
442
782
511
462
511
428
220
16
298
150
505
490
503
783
40
299
691
119
385
433
405
343
51
389
518
243
770
896
1053
818
464
644
142
783
858
393
745
313
828
81
193
308
240
217
285
466
849
560
430
438
823
397
676
75
741
150
197
474
670
531
691
395
778
277
924
386
569
653
748
112
527
180
687
261
616
869
371
264
489
627
215
753
255
186
1058
380
53
804
87
1
944
510
858
642
609
199
752
239
272
757
547
572
792
519
31
295
1
171
584
398
145
422
1
822
346
83
864
955
310
681
997
1
1025
466
263
904
637
508
603
432
866
1
216
482
658
885
775
734
367
220
731
713
834
322
723
174
681
258
205
891
749
1024
394
909
963
447
280
69
850
196
485
699
858
916
754
333
751
63
400
814
922
538
464
225
291
1032
291
361
229
296
537
968
717
735
948
579
439
908
871
70
730
751
449
65
949
599
524
1007
493
77
119
234
585
648
167
15
819
454
510
661
874
304
893
225
886
507
576
680
581
912
286
1066
715
324
120
175
526
176
1
547
679
765
251
920
205
1027
205
71
209
75
204
437
167
374
878
226
852
383
246
579
785
996
188
910
147
288
50
751
635
543
511
740
351
571
1
848
348
791
874
491
802
80
286
544
337
779
657
825
806
439
136
339
628
466
735
604
1012
868
353
424
976
655
881
634
1
666
460
1079
255
934
290
472
453
440
366
475
315
151
196
727
75
183
860
636
232
1046
172
210
711
717
147
134
733
392
398
381
384
987
962
650
900
374
544
105
36
470
560
475
562
322
754
1004
695
402
796
888
495
539
703
258
596
875
716
364
419
788
229
544
819
808
354
964
338
598
343
427
779
276
184
939
984
151
763
656
204
649
456
677
681
582
336
350
574
340
76
293
795
90
602
1
163
91
665
561
906
333
53
267
652
609
24
123
458
372
538
237
1010
788
912
764
1017
893
662
469
360
715
983
775
571
893
406
252
569
193
1006
823
195
315
411
677
252
560
134
952
758
260
245
152
790
399
430
884
985
525
140
396
732
936
981
499
232
355
301
331
699
318
857
798
631
1055
1
350
297
112
41
557
779
887
809
536
760
256
626
794
1011
877
127
452
424
930
181
614
1028
625
662
838
289
335
309
593
691
749
597
645
312
295
356
653
904
930
641
160
914
281
862
167
758
581
471
823
883
673
322
884
757
305
482
503
737
371
240
548
257
352
551
847
620
628
524
726
972
889
841
999
649
534
1046
957
314
81
985
907
665
58
895
172
204
587
1
831
251
132
316
644
578
33
195
353
470
576
784
353
573
689
868
894
910
612
730
619
588
909
833
874
641
605
49
242
74
107
557
787
290
91
16
466
898
958
302
476
745
350
820
144
348
486
808
872
807
485
164
1044
502
708
72
375
1
78
232
688
326
91
85
573
413
263
727
756
845
488
384
483
181
850
178
853
273
494
389
749
609
553
797
723
1083
479
426
206
886
343
135
190
156
597
522
401
218
850
924
38
356
358
539
899
271
576
853
683
524
722
885
258
417
622
420
370
894
278
271
755
920
232
27
748
948
864
457
681
903
252
466
812
652
228
499
687
391
370
417
891
316
954
702
55
764
713
261
60
195
132
682
1018
386
1
712
780
282
971
818
975
227
527
820
838
873
1
963
767
1
174
799
589
259
141
968
784
717
501
555
30
1018
681
91
3
835
674
9
1
699
1
475
600
46
687
517
623
1004
322
216
639
64
213
221
106
386
226
174
891
641
57
470
124
472
840
547
145
1
491
6
403
816
667
534
894
678
963
668
47
859
891
806
745
313
73
823
488
527
296
1066
343
461
197
322
53
865
246
887
152
1042
337
996
835
217
528
449
377
712
10
266
770
250
741
798
103
315
976
848
758
91
589
724
590
304
719
516
528
172
561
673
925
558
518
874
904
547
1011
924
312
547
664
666
298
176
356
925
1
118
448
469
557
518
557
228
327
424
5
1052
223
452
790
823
506
622
685
927
891
183
345
959
47
439
993
229
36
397
239
169
539
598
203
169
221
425
183
13
653
893
908
368
714
710
460
597
153
648
697
582
793
478
474
160
470
842
713
1
551
272
698
833
824
628
210
180
214
10
72
41
959
924
848
549
233
372
1
131
373
618
281
193
1021
1
753
135
664
714
539
883
840
971
745
306
612
140
378
407
153
487
1
567
858
213
167
10
12
441
648
520
155
297
445
695
596
848
591
100
98
246
86
277
635
721
476
135
968
895
720
905
1
806
777
650
829
461
998
467
592
626
936
306
253
1070
991
1
475
774
707
137
297
75
142
160
816
77
229
112
748
777
544
369
900
971
719
371
162
619
285
217
250
342
512
454
174
808
580
256
566
1025
916
781
523
454
304
692
572
151
248
410
476
889
157
711
592
769
1
249
85
54
413
1002
330
999
935
693
255
52
392
135
6
1
784
1046
95
626
301
520
414
544
508
506
103
231
61
34
310
444
299
103
320
549
210
495
812
695
462
345
247
835
942
429
906
489
277
603
429
743
193
85
431
477
823
900
1038
497
111
126
347
11
29
367
601
368
773
618
427
603
175
462
955
358
136
530
694
665
297
101
650
233
529
445
556
913
1
873
813
454
760
32
486
639
158
411
587
505
642
317
147
873
351
515
1
614
746
724
108
966
841
512
775
774
149
871
582
995
26
734
754
892
511
984
477
20
612
395
333
102
419
588
698
760
41
209
715
424
157
215
39
415
194
278
293
755
205
923
210
616
943
468
356
358
862
382
8
639
841
353
336
394
169
553
88
727
116
890
358
902
95
836
677
410
325
728
391
913
492
1053
918
807
554
624
647
484
617
536
249
398
74
485
129
879
370
125
169
432
766
562
73
283
31
623
839
64
134
670
473
878
285
122
276
309
117
423
565
244
275
376
74
696
328
288
308
360
702
654
1090
921
706
638
449
454
891
1031
533
588
750
896
448
673
322
112
902
460
882
245
321
229
943
560
190
442
123
113
88
69
236
22
980
163
89
449
1024
732
131
348
231
234
727
882
795
801
75
1
219
411
399
580
329
845
368
170
923
190
834
193
775
214
346
94
810
554
336
1
818
672
736
673
175
769
299
803
8
795
142
802
283
226
135
719
1
142
959
624
341
292
861
584
972
687
273
624
243
499
1021
108
113
220
394
177
759
223
912
210
750
718
770
466
716
837
1045
762
766
1008
315
194
689
92
774
760
404
524
306
245
315
662
243
550
839
267
401
371
635
858
736
19
495
839
749
662
1051
744
883
949
444
164
499
486
971
88
338
903
314
611
841
276
904
93
303
983
754
1040
727
279
240
473
600
174
604
301
129
199
763
828
671
419
417
231
367
671
318
13
517
783
1
844
751
214
571
792
42
521
378
315
279
99
448
420
903
538
347
852
1
276
454
847
108
851
47
746
185
1
834
138
872
314
875
33
714
48
256
625
1
251
480
957
513
883
358
660
346
307
926
794
776
499
243
942
1
61
967
183
308
1
614
275
398
230
759
708
416
135
476
1
300
346
1056
530
596
793
846
627
790
948
68
723
215
136
1050
746
14
192
552
596
7
503
328
924
347
487
258
432
1
426
737
282
16
865
163
841
425
373
638
381
949
778
135
882
262
390
380
535
192
1
497
108
452
185
456
61
729
491
702
601
817
343
862
1
575
818
707
600
677
621
329
233
641
231
458
552
1030
1
867
327
928
832
468
651
767
844
206
453
982
949
808
713
359
1043
254
211
704
379
71
857
635
509
346
238
674
46
114
792
428
186
301
495
827
320
699
898
728
491
209
435
809
449
154
155
864
908
195
494
194
481
995
921
743
939
868
419
8
34
604
591
213
224
918
216
775
538
485
616
715
729
238
434
925
314
687
488
795
708
1033
637
666
340
967
794
620
723
300
419
190
925
420
911
454
334
290
629
142
104
832
680
1
463
786
536
128
176
980
727
652
433
594
191
255
955
53
885
276
799
375
667
817
865
491
579
877
633
552
879
18
586
344
544
811
647
109
264
1
230
566
119
733
156
876
156
879
170
132
52
123
98
836
983
706
330
441
433
933
287
854
241
13
622
377
100
305
559
44
454
131
814
231
584
350
273
592
395
931
80
319
463
887
407
194
48
473
716
177
572
193
526
774
500
782
341
640
785
447
879
894
718
981
452
298
138
412
412
1
813
643
447
218
429
415
551
56
799
656
804
757
891
717
1051
481
425
437
737
663
157
86
271
107
675
229
100
422
390
578
428
87
454
236
699
278
731
8
443
630
358
579
908
431
183
548
198
393
911
11
539
183
548
690
774
857
223
385
730
520
200
446
46
390
490
215
695
507
948
153
670
800
523
728
166
401
935
533
504
441
895
131
878
656
588
222
914
1020
108
398
266
277
88
345
22
312
467
732
135
272
219
117
597
191
749
126
114
560
311
313
917
488
492
424
919
668
56
207
149
111
549
259
191
867
448
832
786
806
141
844
866
618
695
535
246
143
688
808
573
910
420
591
401
767
267
238
220
777
305
621
793
408
816
708
464
704
637
488
493
829
475
295
685
619
1
890
309
364
468
377
508
353
379
739
459
168
482
18
165
313
166
859
905
834
841
597
282
676
257
156
677
902
924
848
167
1
410
815
67
414
888
597
776
697
644
399
186
583
200
650
573
665
226
959
556
286
311
807
702
140
41
241
379
252
489
761
250
310
807
463
502
1009
141
452
335
356
168
535
490
426
286
97
285
987
63
822
728
570
210
289
1
649
874
1002
834
175
742
265
462
320
765
710
581
453
411
473
492
502
129
808
594
690
472
800
1015
232
604
863
920
18
28
701
926
561
1
795
338
409
682
46
669
781
603
935
460
230
698
408
405
921
399
659
1007
458
596
709
45
610
538
196
157
993
757
835
753
511
292
316
663
461
865
564
438
338
643
312
307
313
317
945
690
555
55
85
75
263
21
84
425
524
375
644
851
634
871
705
108
908
642
902
951
933
860
499
50
466
383
888
220
579
319
234
419
716
16
583
109
758
27
670
560
619
475
400
788
969
909
692
597
621
287
160
816
891
924
759
201
215
532
340
548
231
589
510
479
181
244
269
381
115
277
313
468
1078
34
450
908
422
184
806
279
126
550
285
592
339
562
922
814
447
174
840
605
665
1
316
666
691
580
916
101
196
408
971
566
718
684
901
588
807
113
395
921
133
505
776
237
896
247
459
852
713
305
408
888
931
652
922
443
14
748
229
655
49
896
331
228
535
567
616
221
150
494
914
467
335
13
954
522
374
184
566
619
888
903
649
299
1015
1017
847
944
30
190
989
1005
953
106
981
767
495
839
1017
145
126
665
315
953
94
497
940
498
685
734
436
881
197
209
533
118
933
11
793
18
352
1027
69
7
931
895
264
896
695
939
584
826
477
341
29
876
235
842
859
1022
633
518
848
1006
215
538
538
102
180
788
943
749
612
131
534
1
604
372
810
463
634
207
313
892
713
535
611
1
624
2
677
679
679
147
380
891
633
585
388
1
615
541
855
85
273
91
598
408
930
1
237
353
280
834
108
904
711
920
103
670
120
858
200
565
917
180
655
965
301
166
238
239
454
288
380
1
824
194
284
873
471
111
176
735
162
436
30
348
777
566
995
798
905
329
416
605
741
547
457
394
355
525
168
783
118
465
522
700
1
231
631
162
198
666
379
403
446
973
110
157
656
555
88
309
680
319
91
223
979
807
615
192
1007
433
959
564
922
694
77
592
118
525
639
1
719
888
49
678
518
43
184
200
469
454
645
203
601
1
553
729
816
975
1025
881
672
437
93
219
463
638
895
1
1053
898
196
956
967
786
636
206
384
417
2
699
88
491
910
940
568
258
910
180
758
678
741
604
651
269
888
435
74
1025
749
280
617
1046
966
740
433
134
875
192
462
838
775
434
427
974
107
529
964
199
113
917
14
584
388
775
624
488
27
116
503
688
922
123
729
497
157
777
307
1
527
614
285
291
27
92
508
820
513
970
2
262
422
77
567
754
904
237
64
335
810
350
366
896
961
570
784
348
867
576
1
708
476
556
1
516
299
579
201
25
606
446
99
82
92
880
847
828
404
591
947
336
431
788
483
446
861
931
537
914
756
416
798
944
958
412
449
620
286
23
299
732
981
707
282
568
575
447
664
67
878
524
404
550
665
438
375
742
687
569
171
322
635
887
453
863
1012
22
607
340
607
679
49
257
8
320
1066
831
944
917
157
994
949
645
931
969
568
262
106
782
288
749
425
1005
436
982
724
825
521
689
1042
511
284
242
335
425
141
245
695
230
65
591
803
292
566
477
1055
76
299
725
518
596
77
144
1028
396
360
720
520
84
546
45
58
324
816
639
706
66
1
545
138
381
1
639
308
236
273
374
126
783
873
873
134
584
551
177
821
478
94
751
886
348
1069
383
209
397
748
400
197
415
474
497
724
919
351
778
604
697
247
476
547
799
632
1044
345
937
662
596
581
769
50
275
597
331
490
866
616
523
312
598
883
414
190
868
23
348
975
852
957
867
563
73
607
767
901
539
1054
98
40
947
695
928
592
395
827
606
311
309
534
657
383
76
178
1
973
225
756
302
753
9
1002
266
639
153
663
275
662
596
716
817
561
655
208
240
822
740
114
364
430
947
676
509
318
225
91
1
587
42
614
807
700
810
811
475
798
730
776
544
951
450
883
163
182
453
871
68
310
766
518
459
931
451
690
718
480
317
188
656
604
731
503
523
122
670
66
784
361
27
840
647
283
504
297
241
395
108
786
1
626
730
30
776
874
210
62
959
198
890
587
147
635
391
291
928
211
223
333
1077
860
662
1
146
309
297
979
793
567
297
826
623
218
734
784
425
792
339
311
367
274
872
124
917
265
1040
90
492
390
604
596
280
187
383
643
598
133
528
430
764
492
784
369
854
202
810
475
941
918
765
231
236
319
218
940
336
343
106
896
467
559
912
360
1
47
596
1002
1
117
163
404
759
792
257
263
352
831
962
755
404
145
186
42
556
615
878
114
560
498
478
1
767
588
499
796
50
460
662
13
173
557
1066
79
1012
306
488
516
528
637
844
166
782
950
301
736
339
407
848
440
335
6
128
987
247
152
234
700
938
174
810
706
92
280
905
373
581
234
785
113
191
8
406
980
381
346
522
909
673
261
884
97
441
190
517
46
989
545
328
526
803
252
193
679
564
724
229
355
725
806
892
146
884
221
270
824
65
366
610
577
811
507
40
51
140
1
478
90
332
805
666
700
988
41
155
360
532
382
485
275
850
148
992
494
934
572
883
833
390
806
880
309
192
47
947
813
628
844
402
235
965
816
875
208
133
864
529
667
799
428
281
965
488
609
610
642
253
815
435
568
879
369
86
775
799
800
1
36
576
750
293
315
85
749
996
403
793
638
1055
814
262
425
1062
676
527
834
966
520
671
922
666
624
761
1005
577
144
433
395
363
174
82
980
636
78
904
413
570
895
563
255
128
167
628
446
515
925
862
576
630
18
634
897
283
289
78
545
241
123
820
496
451
393
177
298
664
569
972
694
849
656
437
358
825
904
549
816
963
479
168
887
525
869
1013
79
315
60
196
501
753
662
670
320
851
968
550
393
468
123
153
396
835
719
173
827
43
728
447
857
648
666
231
972
20
873
672
744
686
398
352
300
764
841
902
363
700
939
376
657
218
653
323
289
332
26
829
346
375
764
283
661
234
889
455
872
892
577
988
913
1012
500
865
435
703
770
201
835
384
220
490
70
874
748
779
956
749
416
397
651
450
930
843
541
1
47
972
479
781
603
131
362
629
447
25
442
276
1
176
870
643
699
345
146
601
440
151
227
600
748
350
527
169
1032
407
15
365
810
448
516
332
365
119
133
942
421
773
853
958
404
388
472
381
500
211
1
739
621
105
1
600
368
787
771
136
1
177
395
619
167
296
555
607
58
300
521
99
1
730
477
389
839
647
213
1012
131
567
1
661
362
792
908
114
541
265
744
139
715
253
869
722
466
43
184
883
829
560
660
784
521
467
50
576
325
391
234
830
592
207
768
898
563
84
651
359
620
359
367
336
509
212
291
1
915
333
39
509
855
858
551
458
873
799
918
180
409
787
51
305
73
877
281
491
137
543
900
108
671
729
685
989
1
629
729
841
458
1034
271
198
170
229
87
839
28
1048
486
171
181
204
799
688
82
736
833
218
754
510
520
773
295
1086
308
108
763
53
934
340
739
860
217
347
588
421
250
243
852
591
900
473
842
816
141
621
315
296
517
2
722
634
740
76
505
56
581
757
771
43
199
752
821
122
377
1020
383
1
79
320
918
421
849
103
826
80
649
549
290
317
332
430
541
315
502
186
796
610
666
326
920
779
423
402
450
148
826
218
175
367
707
837
489
739
790
376
112
834
829
704
339
513
287
163
672
723
203
69
471
714
1
827
1
654
222
265
1030
123
454
620
938
358
487
277
116
519
1008
603
166
229
950
339
219
996
678
666
150
488
142
638
764
500
874
166
289
780
753
268
232
129
1
443
1
880
591
962
197
612
740
522
581
1018
515
809
555
76
870
391
348
1029
57
909
215
298
659
933
936
891
359
66
18
632
829
537
466
689
463
997
452
300
127
517
479
147
887
697
712
500
435
135
544
140
781
91
844
922
936
481
449
87
1
199
103
201
864
595
149
373
382
755
475
633
399
91
752
588
317
103
886
116
989
421
84
866
372
391
720
373
526
273
703
644
326
134
79
18
448
101
338
408
460
169
789
662
873
335
466
742
766
112
668
603
170
326
35
892
572
715
341
977
36
41
627
609
420
500
1027
593
516
987
686
385
509
413
70
224
878
704
345
757
527
838
291
488
577
601
479
471
382
659
3
614
839
908
258
804
323
639
933
911
144
828
364
374
344
190
1
101
571
280
519
432
812
301
847
276
959
376
493
1
529
818
379
783
546
73
501
21
603
198
61
160
666
809
554
104
832
817
396
320
200
353
334
301
516
998
1
559
291
129
884
147
190
785
884
371
300
744
1
184
582
520
671
476
249
504
606
768
609
875
379
73
671
384
724
969
895
897
1
209
8
755
697
92
948
643
611
314
141
531
307
90
839
440
683
268
310
805
586
911
181
725
282
395
467
384
578
459
297
1067
578
183
406
628
583
847
679
423
439
821
629
115
983
915
880
271
240
759
98
406
534
228
1
915
383
396
256
33
470
582
331
543
722
257
299
63
706
250
255
593
324
484
444
546
306
365
487
410
735
770
500
1018
1007
207
526
700
583
341
118
292
868
505
538
325
974
440
187
1035
170
200
128
218
513
497
694
61
131
1024
298
973
776
861
237
1056
640
626
426
446
147
573
194
790
567
454
287
151
936
562
608
247
718
893
826
860
713
728
558
195
332
462
54
387
45
402
557
210
90
897
186
48
743
604
227
737
491
838
919
181
890
724
199
1037
255
401
359
1014
776
124
449
529
849
775
33
233
728
278
537
486
246
863
117
587
471
530
254
343
240
608
803
318
566
848
509
152
63
712
493
821
419
384
454
302
563
698
725
501
722
754
529
261
769
886
785
847
304
476
887
446
183
815
388
255
35
874
6
903
214
699
108
816
190
489
716
384
1
443
145
615
115
136
705
38
258
449
683
276
476
306
264
127
754
542
191
288
626
850
939
295
585
319
291
419
308
339
96
960
723
268
102
493
434
823
555
395
891
696
965
794
511
473
141
888
647
240
870
514
614
400
690
72
416
527
176
195
611
2
716
14
998
7
890
875
383
975
685
391
583
785
825
607
873
677
624
763
115
417
695
794
1
649
652
751
886
1077
291
942
812
954
885
318
742
292
130
783
847
224
316
917
183
865
190
375
232
364
366
855
609
887
881
100
823
86
310
925
816
634
642
106
197
310
371
253
404
131
607
897
18
128
325
895
135
98
329
9
516
342
1
544
880
389
707
840
829
1
581
290
989
931
184
414
109
1091
185
868
672
587
199
1013
354
490
252
894
964
176
163
305
800
368
711
711
822
647
389
880
666
557
902
340
1
1
478
386
973
736
257
376
911
752
85
171
504
861
84
358
96
883
420
431
721
272
271
466
718
1
817
689
421
147
550
759
754
1100
68
78
467
718
120
175
787
414
557
773
818
7
17
592
494
434
229
312
787
135
626
9
486
600
367
860
115
727
147
59
449
486
696
680
390
467
1027
1
671
955
1
343
976
809
241
981
721
123
359
79
756
422
127
816
369
1059
383
545
64
402
278
169
775
556
928
770
451
1027
139
127
300
552
61
697
741
42
1043
215
87
915
1
179
212
268
256
140
747
718
355
636
670
121
384
428
592
287
514
620
379
83
851
361
668
922
858
874
640
657
753
683
1
842
782
98
520
386
786
353
808
296
886
640
500
127
793
525
850
812
264
927
802
670
175
837
363
484
1
236
871
875
443
932
23
990
796
314
44
373
607
356
966
876
520
271
814
864
606
37
168
44
19
1
468
198
1002
844
1
601
974
99
226
669
217
805
921
264
336
411
244
914
580
498
740
424
779
63
192
854
634
668
1
406
356
44
775
853
199
312
39
488
981
748
509
493
674
264
113
311
945
295
862
634
409
510
118
1004
666
526
474
571
130
594
990
66
720
530
784
587
933
911
497
952
612
303
850
82
681
223
676
728
591
948
102
459
858
311
375
634
414
197
775
963
1
446
611
177
594
775
609
663
592
413
401
309
529
686
172
1018
497
567
94
599
645
900
670
507
66
195
857
809
42
304
34
276
703
414
910
993
62
402
619
780
768
763
645
374
164
396
620
187
896
244
565
249
860
781
266
355
309
780
933
814
441
509
224
822
362
968
974
615
875
66
233
96
888
162
600
413
651
771
354
843
86
621
848
325
558
442
154
287
322
161
279
176
698
827
443
663
514
613
745
464
83
605
980
84
136
900
122
645
619
1011
546
315
984
238
368
658
549
312
720
955
612
351
698
96
822
374
894
124
446
117
869
779
434
635
581
756
895
950
762
547
424
939
74
264
285
861
1013
793
1
610
236
518
323
325
676
887
457
473
717
563
1
471
777
425
771
761
711
928
900
85
322
751
539
581
407
709
288
526
693
145
67
53
171
860
501
521
829
518
330
766
555
10
231
351
386
397
468
459
542
282
603
586
613
895
1044
219
503
120
469
658
583
282
747
886
195
345
567
732
695
1
405
261
609
73
594
435
569
787
279
94
95
390
956
749
310
77
861
225
697
733
145
156
438
932
341
117
1004
311
669
462
1
235
674
342
87
369
80
875
217
132
235
856
629
77
935
839
122
451
838
364
556
572
1053
762
878
866
432
452
215
80
219
307
453
771
518
80
813
646
673
549
514
432
730
167
408
740
785
212
133
30
552
329
598
685
379
947
757
111
923
341
91
716
484
312
391
379
1
626
886
960
681
640
977
640
577
120
531
603
370
107
326
349
574
843
213
684
207
226
998
116
601
853
546
568
975
719
486
780
12
180
223
33
119
685
951
1
682
353
341
661
233
222
929
692
530
293
929
130
622
511
211
485
992
283
856
939
240
410
167
166
390
441
33
551
450
760
499
277
466
313
676
960
44
157
632
714
621
474
775
219
956
854
831
477
458
904
873
525
809
245
170
13
203
908
247
808
212
627
679
560
227
290
803
398
153
336
834
832
918
842
609
762
125
703
432
140
273
496
879
532
426
1025
418
555
451
195
198
705
403
662
603
60
321
135
386
118
605
410
818
481
98
450
874
616
491
315
215
990
657
347
1061
872
146
723
376
231
322
981
105
454
320
1
58
273
613
593
376
834
923
365
793
358
193
889
421
348
502
543
178
796
97
121
155
875
78
395
85
609
192
71
700
964
396
356
407
182
715
418
651
1
631
230
411
832
702
539
426
926
1
653
897
545
951
564
126
276
465
958
125
898
618
535
608
902
674
744
970
801
542
705
182
176
798
294
370
841
713
847
911
897
508
58
450
374
900
217
162
745
491
957
939
460
999
843
922
328
102
383
74
553
984
411
314
584
1
250
828
1
954
845
103
641
403
847
193
360
813
1038
494
921
805
546
904
170
470
895
295
259
515
19
483
352
934
77
737
191
179
874
1057
307
565
821
359
379
85
661
843
388
544
594
505
975
827
139
196
495
97
990
456
97
811
644
939
990
392
460
205
161
787
863
749
243
612
971
478
836
493
763
448
562
245
948
348
657
628
108
818
235
244
273
307
797
857
117
156
653
294
1
464
484
210
958
583
220
282
43
979
755
831
485
14
733
967
298
543
564
530
935
122
907
452
703
531
799
445
878
101
336
327
794
128
35
542
448
773
282
824
481
949
153
1074
581
289
668
874
157
852
224
382
491
864
141
857
243
44
989
603
209
146
588
305
732
501
193
554
881
177
653
440
260
785
427
102
975
530
314
400
650
382
375
674
297
695
810
281
531
157
980
560
704
1
368
326
912
692
556
131
517
317
133
155
892
135
129
70
524
392
1078
786
891
352
693
253
818
666
779
535
527
321
282
743
532
779
771
303
108
906
563
138
497
519
397
431
807
246
4
974
610
40
1
668
525
448
317
235
813
862
131
166
868
245
183
758
608
449
760
124
861
403
553
910
990
739
596
827
660
897
680
133
306
591
1004
805
518
941
543
731
1016
909
523
568
729
629
850
273
787
399
93
626
241
780
239
117
611
157
70
264
709
96
750
903
755
174
173
259
588
438
430
544
149
856
1048
564
130
655
436
854
864
233
972
865
1029
235
568
60
727
142
578
687
968
632
52
452
454
29
158
779
144
459
953
12
710
785
256
325
528
398
412
601
254
424
203
283
381
254
493
683
268
862
371
28
345
497
713
733
275
860
1
529
1029
430
614
797
726
544
767
557
694
470
784
126
134
132
193
970
418
379
389
265
575
784
775
319
843
102
883
658
600
630
331
124
1045
464
84
869
437
253
272
411
300
446
725
850
990
217
683
149
987
574
366
931
229
590
704
901
347
297
411
160
888
1027
599
406
598
648
670
962
407
594
412
172
36
191
376
926
892
701
822
181
496
11
887
352
190
486
456
245
364
680
295
783
512
849
1
537
236
332
559
95
211
356
936
873
1060
98
61
632
208
638
498
791
219
288
493
405
467
545
666
358
679
382
711
434
783
821
864
361
835
416
381
341
735
835
360
384
1006
658
1
247
867
721
139
682
505
304
51
163
874
139
304
696
382
312
92
573
576
1
124
606
832
224
905
932
369
821
136
19
590
999
101
492
920
1007
372
465
917
273
794
618
192
26
1
879
923
146
524
873
864
505
69
604
862
865
700
634
509
156
517
580
65
954
214
917
116
712
269
108
428
969
420
812
1017
771
440
557
305
377
524
697
938
180
200
74
255
140
379
460
800
472
513
116
31
709
865
178
855
555
618
978
184
979
662
660
85
500
223
617
165
1045
1031
72
688
32
319
54
562
504
75
837
729
584
812
662
833
162
779
125
717
889
27
796
692
389
262
338
270
603
414
994
886
746
332
355
328
555
772
39
793
479
412
172
229
142
842
803
216
421
743
193
957
947
131
609
1030
400
835
303
594
802
279
491
568
308
464
910
735
39
99
998
712
64
447
814
622
123
829
662
597
975
296
125
99
376
191
805
676
210
675
27
137
902
392
441
303
194
182
232
409
743
616
468
713
497
884
377
209
429
668
361
648
376
434
412
167
881
666
395
391
479
91
114
102
902
954
663
827
844
357
416
461
170
969
1
722
869
219
699
128
327
686
453
72
265
845
633
632
811
260
269
83
911
555
52
210
102
383
82
205
459
598
122
140
605
181
513
514
776
462
910
1
855
397
452
740
358
327
785
553
898
680
316
880
667
829
1066
625
607
369
737
285
2
808
515
912
527
443
315
516
991
860
200
789
54
626
500
968
427
565
559
206
56
148
102
472
1
283
1058
98
398
526
349
480
944
347
669
835
646
1
303
143
220
639
586
426
1033
267
246
350
270
643
793
495
452
603
84
509
884
1005
388
588
174
394
925
774
488
581
105
931
429
123
813
321
711
517
625
929
333
198
476
781
103
881
795
217
812
766
322
905
655
820
48
214
73
29
827
400
586
518
193
824
274
667
727
545
422
857
1
683
8
43
274
157
429
153
677
674
251
242
864
333
823
612
239
216
471
380
640
501
60
986
1
168
629
293
515
745
674
167
625
439
804
294
319
80
426
706
991
902
1019
868
295
925
781
578
106
60
348
50
276
902
659
169
1090
661
345
500
1019
788
822
406
695
93
297
555
37
911
80
732
169
558
831
640
779
573
470
1016
254
757
285
693
835
282
97
253
953
135
665
184
767
163
605
592
612
609
651
979
543
35
650
154
901
317
71
8
155
779
718
713
47
960
438
775
678
1026
241
599
638
131
42
412
86
207
419
547
278
84
863
763
312
752
663
130
124
572
65
1
625
1
453
945
511
483
427
657
581
669
456
384
857
132
674
631
1043
305
863
615
118
220
99
28
949
152
185
846
951
742
132
108
654
729
332
410
587
198
468
18
304
891
560
537
169
666
322
862
410
624
568
703
925
405
1
414
621
501
960
714
969
299
314
587
216
265
356
320
439
108
601
678
696
552
39
574
754
274
201
891
180
591
648
841
649
70
121
11
827
163
377
624
898
383
827
168
381
101
363
353
447
897
1
534
72
792
521
628
71
50
633
1012
755
493
514
1037
479
772
483
362
278
45
914
496
661
609
790
446
762
835
78
335
724
337
703
280
801
870
138
949
297
843
156
181
620
105
675
530
951
563
656
479
272
207
955
456
885
236
469
160
465
506
558
84
858
955
243
77
253
1
545
1065
640
818
263
602
331
381
771
241
365
604
273
808
612
219
284
615
909
884
115
809
318
626
695
400
475
86
935
95
75
115
698
750
262
54
922
773
746
295
366
588
662
592
911
491
241
16
545
747
750
202
659
558
885
1049
510
564
379
84
507
216
337
603
1000
75
404
1
561
531
155
860
211
925
719
140
641
381
463
247
302
890
311
421
338
45
143
841
860
1021
124
931
367
387
665
157
841
322
805
1003
676
907
1
692
864
805
381
479
575
406
68
241
383
846
41
336
951
32
334
319
677
123
899
491
427
24
184
949
843
949
472
815
835
452
1001
422
997
534
876
593
810
881
502
160
541
131
541
1051
384
924
209
257
875
129
246
530
644
503
198
476
155
841
114
291
783
199
358
455
801
628
520
491
324
517
9
53
865
866
223
968
407
916
1022
581
343
87
1000
309
299
872
639
117
590
84
298
1
126
194
715
537
763
407
348
427
176
297
385
754
916
335
180
376
464
764
369
17
595
327
1011
808
591
291
192
507
867
307
86
322
612
358
190
655
601
309
515
454
889
830
170
257
110
123
686
793
857
314
891
101
419
1
420
880
197
650
991
556
264
1013
490
93
903
158
631
869
455
190
524
1030
211
763
811
952
895
222
551
209
491
99
907
1014
729
661
742
157
881
445
257
165
348
420
766
865
898
477
479
951
982
579
137
757
302
1002
1
544
780
471
749
262
563
60
68
938
209
518
102
309
509
908
583
441
874
36
764
172
1077
92
269
121
15
131
786
420
728
418
388
52
114
115
358
152
989
533
995
764
65
864
388
202
389
280
868
129
872
113
621
616
450
922
845
334
630
290
445
553
816
925
12
469
869
986
336
856
617
275
432
873
520
234
612
665
205
439
464
161
799
562
813
715
214
127
653
515
810
269
104
765
887
568
1031
510
1075
170
314
837
741
704
467
804
369
587
463
591
1000
726
308
385
76
602
794
863
604
556
613
255
101
587
762
549
112
411
637
429
682
295
319
73
767
183
564
294
567
919
397
497
903
1016
261
285
774
37
808
616
342
373
362
579
520
48
665
571
851
888
1
166
1018
376
927
557
67
985
617
376
395
134
918
535
622
506
344
452
216
801
914
621
942
132
723
962
575
560
411
873
306
275
529
207
736
22
880
370
158
206
673
135
785
903
95
648
769
371
277
230
324
81
561
589
860
588
499
928
674
128
920
514
656
739
981
739
25
573
685
43
816
761
405
501
744
740
699
386
195
271
670
917
438
316
454
428
846
573
390
231
528
165
145
71
461
722
140
952
114
708
932
782
216
249
678
602
586
764
586
401
1029
989
455
609
1041
473
735
612
645
664
594
99
175
647
691
678
407
829
628
102
374
343
847
613
180
761
1024
370
1
720
809
773
852
241
131
880
469
735
894
419
407
605
762
858
182
213
238
335
195
674
860
64
534
364
812
724
1
728
548
269
75
779
265
5
779
477
341
740
135
534
698
202
172
473
411
839
156
372
895
938
748
609
654
381
1
44
1
549
867
344
312
477
946
833
308
991
915
729
224
669
793
198
220
117
939
350
277
636
263
658
367
393
140
518
786
326
699
531
151
363
9
258
791
100
498
886
890
866
201
864
987
719
1
263
447
953
554
742
621
182
132
972
33
846
713
1002
287
765
946
197
867
926
137
691
1004
206
488
638
679
274
229
733
358
642
500
390
405
562
78
201
881
295
1019
265
699
890
552
422
136
547
18
736
183
162
292
536
219
392
916
440
849
623
704
226
161
109
68
669
142
74
69
91
638
698
619
810
870
558
245
487
776
515
16
315
68
757
683
228
839
113
601
667
593
443
845
168
266
268
803
379
891
47
306
659
423
75
423
175
112
171
869
388
799
76
711
267
250
448
647
932
508
956
98
380
766
796
854
76
564
224
520
304
442
469
866
708
157
655
1036
619
527
479
98
545
957
685
505
744
723
916
123
868
536
58
580
103
153
1
705
598
814
350
139
791
122
407
850
916
729
632
933
305
603
1020
427
527
1
468
505
456
363
318
658
457
209
648
847
1074
508
56
722
189
227
859
939
959
1002
767
369
954
236