585
194
426
606
348
516
521
1092
422
749
895
337
143
557
945
915
1055
546
352
522
109
891
1001
459
222
767
194
698
838
107
674
644
815
434
982
866
467
1094
1084
993
399
733
533
231
782
528
172
800
974
717
238
974
956
820
245
519
1095
894
629
296
299
1097
377
216
197
1008
819
639
342
807
207
669
222
637
170
1031
198
826
700
587
745
872
367
613
1072
181
995
1043
313
158
848
403
587
864
1023
636
129
824
774
889
640
579
654
242
567
439
146
741
810
296
653
594
291
166
824
924
830
308
1088
811
190
900
440
414
649
389
296
501
965
566
778
789
670
933
1036
325
822
344
751
949
223
213
531
479
608
461
685
165
953
586
742
786
1092
386
825
989
386
124
912
591
959
991
763
190
188
281
279
314
287
117
719
572
361
518
946
519
292
456
361
782
614
406
986
301
630
485
949
1052
394
600
899
294
491
837
430
424
398
1092
890
324
375
360
926
197
172
310
966
749
1051
1019
848
163
785
1058
1056
904
664
618
283
528
500
637
821
446
307
253
423
1071
711
762
216
297
209
191
895
629
443
226
962
847
785
569
110
870
981
1034
1084
823
503
995
460
668
549
272
641
1058
372
483
977
408
459
1070
807
683
408
148
870
1030
130
669
308
103
411
120
200
709
1039
987
522
925
885
1030
470
1004
1089
341
1069
479
243
476
1072
1062
128
989
161
543
738
316
448
438
447
260
166
506
491
259
738
131
395
304
926
520
296
253
549
525
955
431
243
665
587
938
240
109
664
1018
715
633
235
332
664
1057
460
691
893
676
263
846
959
477
860
958
811
186
762
534
259
658
760
379
368
940
1048
835
415
674
776
226
441
1012
789
839
994
921
806
725
590
1017
578
301
771
1093
1032
249
999
152
337
859
287
367
572
356
872
883
198
217
1006
616
1011
280
735
125
325
480
923
812
264
366
443
316
832
548
602
641
840
764
676
1054
712
826
1002
872
554
631
511
1043
1073
850
803
427
950
1017
177
105
320
213
902
1013
503
891
281
1098
110
959
625
445
1019
531
768
775
627
933
562
538
391
623
705
1016
557
520
505
215
517
760
379
361
785
872
696
488
407
864
324
943
422
306
940
507
1075
739
501
952
191
642
427
160
430
857
282
182
703
737
893
193
715
714
833
236
964
287
116
202
963
1072
1087
263
406
601
134
577
940
592
800
221
806
180
887
238
205
760
934
329
898
927
410
548
709
330
790
932
661
589
679
686
160
391
488
765
409
760
507
802
300
253
413
706
1070
223
133
353
373
809
377
932
1097
208
140
988
327
581
960
383
1040
958
708
384
1090
811
690
950
906
339
152
1043
901
295
864
195
810
510
486
764
693
1000
150
212
594
1063
256
854
1036
558
1065
119
186
325
823
669
284
197
968
294
440
854
512
702
587
161
309
795
446
447
960
819
407
200
195
197
921
943
1041
845
921
386
687
592
301
216
765
631
627
524
912
353
524
526
559
513
443
1080
936
391
606
933
279
586
1016
109
530
675
696
1022
908
245
369
997
612
504
911
842
785
828
667
369
876
203
955
845
818
135
953
879
197
171
246
180
846
942
115
228
1065
1041
612
327
580
130
1058
442
765
705
291
631
1064
464
615
459
706
967
922
920
636
413
793
307
119
1011
435
408
201
530
1022
785
394
741
1010
213
510
241
350
790
646
800
829
659
709
581
820
603
1076
866
859
107
898
982
174
959
748
282
399
525
885
642
946
783
490
953
997
1038
516
189
937
724
347
281
393
978
244
1033
1038
680
567
352
580
307
1055
758
765
120
126
1054
664
447
549
859
126
546
621
114
401
757
421
810
713
1080
488
288
979
736
1090
303
288
532
1063
229
920
730
400
609
922
337
355
473
377
938
253
495
500
792
327
203
618
318
547
484
415
1031
913
496
424
489
602
740
399
387
880
397
476
1077
616
612
312
319
429
655
910
498
586
389
585
898
516
698
1052
149
994
672
458
797
121
870
747
825
144
642
783
314
461
987
914
145
331
194
108
382
265
182
596
419
799
726
952
246
559
641
635
974
414
825
1044
877
406
654
559
308
737
887
547
1076
508
1012
207
544
1062
103
665
401
507
264
957
537
417
752
198
864
918
141
700
837
388
276
1002
236
667
228
290
494
849
335
1008
142
376
924
848
784
692
1079
493
668
463
467
263
152
1083
742
279
435
116
226
578
230
359
683
968
229
395
852
696
267
171
956
722
740
964
870
744
531
105
295
465
548
529
801
164
1052
954
980
870
268
188
179
257
1061
468
572
521
317
819
809
371
247
1075
396
916
1009
1062
864
635
351
538
978
796
853
981
670
418
353
145
766
152
1031
596
533
413
910
238
778
434
223
1088
312
608
166
870
306
851
850
880
164
541
566
307
437
616
610
774
896
508
275
1020
537
673
1038
734
948
978
661
1090
818
926
1048
796
749
900
669
511
763
522
682
807
943
434
302
1086
802
594
679
250
825
662
903
480
440
932
256
1079
932
476
702
611
334
514
788
260
284
1082
1078
338
513
590
733
999
685
351
706
626
1063
997
450
139
342
757
639
552
839
638
367
931
265
560
277
285
820
1034
902
540
744
590
182
268
898
171
297
1077
273
558
181
304
335
903
212
239
203
499
368
520
979
1091
743
678
206
1072
222
277
544
498
362
448
791
596
1097
376
546
925
271
714
649
221
381
830
311
441
212
384
508
798
830
117
463
646
189
772
705
1074
1038
966
268
477
805
659
147
440
500
627
315
879
214
861
151
583
981
192
649
490
779
683
428
761
350
491
303
436
581
761
852
225
807
189
182
375
163
459
760
278
121
880
387
142
319
105
600
480
920
872
195
916
144
109
848
584
778
645
376
689
578
257
763
1001
694
877
857
174
1047
347
548
155
670
579
413
885
1081
1058
895
780
652
493
489
1044
380
696
964
719
736
711
612
952
992
383
284
399
1047
866
714
412
725
926
249
826
477
833
574
905
118
779
762
503
516
1064
101
437
630
641
852
578
122
469
1081
1046
877
921
1057
933
375
937
684
590
682
137
221
694
1051
229
768
358
218
346
419
462
996
855
621
604
1048
171
348
277
574
276
451
903
154
337
255
777
760
133
971
215
586
697
394
869
525
636
345
1056
482
441
471
284
808
334
644
669
894
316
487
637
838
184
620
910
381
757
602
133
191
259
603
620
1024
768
116
387
133
329
444
474
449
574
706
772
996
1015
695
611
541
223
202
669
152
299
754
496
810
815
534
159
345
710
136
1017
761
1027
513
370
113
217
470
616
500
315
295
316
1084
337
576
715
264
599
505
577
774
860
296
385
708
156
1007
1066
632
722
151
321
816
294
427
191
980
447
810
352
367
573
500
616
476
485
709
457
420
1058
296
765
638
892
1035
164
504
520
200
771
226
1068
955
977
194
277
831
623
353
239
108
252
493
832
643
346
448
665
418
840
589
1002
122
117
1098
1073
149
398
481
711
110
132
529
111
321
437
250
236
817
989
630
622
432
905
1042
128
665
1031
316
857
161
709
270
644
972
1005
744
695
308
346
780
213
797
275
739
256
779
344
1061
983
461
365
902
983
459
562
939
585
818
372
380
304
352
1084
380
509
202
498
715
1009
396
470
581
982
1056
314
330
866
359
135
1022
521
806
371
372
470
256
948
652
150
585
1076
636
370
170
896
1002
1063
552
479
135
1091
1047
651
478
997
157
407
452
521
769
174
802
488
241
659
558
1080
563
715
856
781
987
331
432
307
628
918
756
431
354
1079
887
545
595
448
470
824
110
501
300
746
427
768
117
342
474
402
855
961
1080
930
476
177
108
541
132
689
560
1090
904
289
123
968
969
1096
1043
463
815
337
728
520
173
665
299
314
138
433
309
826
427
275
1012
158
899
725
472
166
1076
269
220
575
767
304
288
190
128
596
804
101
749
574
846
549
797
352
812
432
389
387
725
289
1053
989
562
163
402
478
179
306
141
997
923
330
1008
482
765
675
136
160
832
629
909
577
166
390
391
189
691
1061
683
561
352
802
579
632
630
780
324
153
888
742
409
1100
466
991
452
922
502
252
645
424
213
733
1067
367
554
481
823
372
114
606
120
519
408
561
744
626
813
1078
582
568
436
829
389
895
596
681
426
483
630
326
267
521
622
486
930
373
191
584
216
776
847
207
495
329
1058
1002
856
1062
362
205
803
184
611
1091
581
801
549
789
988
755
699
700
406
638
592
599
903
981
545
1081
416
573
989
483
885
779
865
673
591
689
689
580
224
245
841
724
998
1023
825
1015
782
332
231
1074
498
835
1006
778
853
740
412
744
890
312
401
223
1045
353
547
1043
297
118
127
1016
673
427
689
740
1034
715
309
570
629
755
999
388
115
501
692
940
192
733
675
807
914
524
454
782
227
294
474
955
666
290
694
828
1073
278
745
375
703
188
812
467
132
644
398
838
661
1063
1006
560
726
366
243
827
604
133
936
542
461
728
531
484
654
344
124
582
516
865
835
546
343
347
554
1013
1032
660
594
628
748
694
457
1035
696
562
888
721
636
760
859
664
300
402
666
1036
841
692
317
824
319
218
932
399
919
351
587
229
573
196
341
267
164
269
616
481
957
1076
318
867
590
937
604
507
807
303
442
487
575
835
275
806
886
435
271
140
332
921
988
231
966
259
1076
1078
353
153
719
949
742
578
560
119
318
330
318
553
767
436
1049
1031
189
688
588
549
668
666
626
372
960
983
104
831
872
180
834
313
359
277
370
972
106
726
524
1040
304
250
413
479
259
933
305
617
125
824
1051
1073
821
681
735
939
393
372
812
512
510
939
565
592
466
653
174
818
123
838
516
939
864
490
149
688
917
623
607
730
252
870
356
846
662
149
595
469
514
637
178
215
1012
315
159
1071
359
702
358
651
941
140
237
594
690
352
483
258
969
172
1039
277
382
767
980
583
579
915
554
119
830
845
656
439
295
714
509
402
680
419
199
770
1013
613
898
666
418
127
890
422
444
745
180
310
568
941
1022
1025
279
621
447
1075
331
369
697
1029
707
578
1003
1070
410
784
323
331
110
773
945
448
1005
332
158
827
193
697
859
497
1012
639
1006
1007
143
992
176
799
652
508
770
461
771
889
453
629
937
290
112
980
989
336
1012
815
477
818
156
539
685
914
952
1002
815
758
521
510
430
512
151
190
940
778
797
1051
948
137
926
693
298
837
441
311
374
234
840
947
439
590
975
195
500
535
703
837
574
960
226
410
1073
648
1073
1084
681
760
888
186
729
735
899
1041
575
156
1059
472
180
750
1017
1064
191
835
883
782
873
251
812
383
755
873
1053
743
379
998
801
917
806
369
247
831
455
607
200
941
598
307
361
852
691
418
730
226
474
253
1060
201
1017
660
506
843
859
916
718
1080
1081
101
741
182
231
986
1020
477
634
565
553
853
497
942
151
647
401
680
297
854
1010
137
311
648
951
996
142
756
1019
637
130
178
774
640
1079
697
864
414
1037
945
756
461
690
1030
437
754
1097
941
743
910
752
198
732
914
927
998
759
337
156
336
197
497
404
568
871
260
780
268
444
289
661
223
732
883
766
1091
335
875
171
665
427
1006
924
704
101
333
1048
793
951
309
880
379
703
331
480
775
184
470
784
914
857
376
705
338
404
810
458
1031
394
979
842
592
137
181
104
447
807
517
231
682
760
901
189
295
555
503
403
347
780
456
1070
727
1034
958
1051
903
504
336
546
672
449
585
193
686
772
848
258
335
872
959
991
888
632
445
721
961
447
442
327
879
655
695
116
1063
403
360
1041
466
933
935
290
833
722
934
445
542
993
873
292
980
530
973
260
893
867
273
270
502
910
160
418
728
790
119
324
246
152
785
511
238
303
693
885
302
319
600
161
189
1019
533
291
163
811
614
394
965
1037
493
353
369
203
211
416
714
725
372
739
1073
741
709
239
336
145
596
416
124
318
971
393
327
847
520
979
950
733
227
110
270
456
324
765
822
636
289
923
697
703
386
492
122
358
1057
871
636
920
321
239
381
666
338
329
631
425
549
904
835
886
770
1083
746
947
372
488
705
732
494
353
608
505
637
237
1055
383
577
778
1069
759
792
806
1063
886
929
413
738
243
306
813
285
344
287
589
229
944
400
996
214
702
405
310
299
1030
1016
792
939
557
999
341
552
1050
285
329
661
312
948
322
291
132
930
847
960
969
973
345
749
675
691
918
1074
304
1074
684
552
922
497
298
450
1042
697
1042
113
999
492
475
443
427
856
579
487
166
1024
1050
288
564
168
386
652
673
266
394
535
237
114
657
897
523
354
527
400
195
531
815
467
503
297
553
333
835
249
101
162
245
138
882
169
948
525
556
910
590
978
779
603
561
408
944
898
170
537
699
898
988
136
495
683
833
512
895
295
468
978
194
488
214
538
146
632
895
103
683
368
421
517
814
377
432
329
357
545
1006
480
401
1074
377
348
751
533
318
1100
209
974
658
1039
488
860
221
573
472
911
328
866
308
406
426
656
672
621
150
464
853
560
177
236
366
558
327
884
602
748
437
883
131
1060
729
237
315
691
453
975
374
540
443
363
858
140
938
935
578
1043
695
849
355
363
431
697
462
105
184
1099
116
261
559
135
320
991
116
559
965
1096
819
692
392
154
275
1085
561
501
401
398
859
559
815
177
307
711
229
259
781
567
361
837
993
995
499
149
477
482
289
385
460
488
114
1072
828
365
414
829
325
910
634
1073
1014
918
194
395
649
632
774
158
534
836
311
287
1086
996
963
1098
902
1097
379
576
131
359
910
575
1068
594
287
230
891
251
290
739
510
955
692
580
986
578
975
486
863
772
452
461
158
994
915
560
662
248
671
760
422
728
565
429
518
1075
298
101
654
607
756
850
208
209
553
1015
1009
800
676
175
746
996
214
329
413
185
792
244
859
636
743
1019
562
616
960
573
1004
125
1059
125
763
711
309
144
664
822
333
1080
578
663
816
772
716
1014
207
641
1079
982
566
242
1071
359
176
135
986
643
598
789
250
821
542
242
236
630
136
603
137
550
444
348
650
699
455
1019
1080
736
573
281
1057
973
424
254
959
527
670
704
394
413
360
463
774
694
439
913
359
929
482
149
760
891
530
654
860
599
782
326
764
445
458
532
214
858
242
164
119
943
853
737
263
1041
221
1065
194
548
498
957
687
1068
198
451
242
858
403
451
1068
1080
633
762
1082
457
668
1014
619
648
377
823
722
123
617
270
820
451
735
213
155
883
363
866
385
627
289
306
728
744
107
358
390
961
755
828
487
169
741
228
842
492
841
245
893
151
902
212
997
353
362
440
293
1032
982
917
231
1065
582
580
673
824
543
939
303
600
1065
846
175
911
907
473
905
705
613
352
572
272
897
494
790
277
395
198
884
477
632
586
255
955
210
390
984
230
273
455
178
942
814
333
733
201
577
786
219
836
818
1030
115
800
572
169
428
707
893
979
299
1016
1099
1060
277
508
625
779
1048
238
598
285
595
882
990
149
1006
553
434
730
485
529
499
953
438
645
620
751
929
865
581
259
199
1100
780
279
187
817
902
985
990
132
939
938
439
286
983
570
167
285
644
1021
457
476
557
1086
544
1034
742
271
252
745
159
146
716
781
159
143
1087
334
453
203
630
596
1058
489
713
1031
938
679
185
232
186
1008
669
872
579
777
783
443
500
803
470
239
982
444
246
487
216
1009
860
639
507
404
547
755
488
478
141
192
758
962
219
511
128
462
557
497
298
390
117
252
532
711
421
273
527
237
305
1046
444
465
663
575
404
1082
147
1020
794
902
191
166
1061
878
744
844
209
564
1059
413
1069
441
142
785
208
431
748
185
149
776
328
191
1029
634
627
266
1067
151
416
1066
682
941
940
725
675
214
603
116
1011
213
405
926
1089
606
936
838
469
664
687
555
332
835
552
364
1000
648
1052
838
181
953
1095
675
662
669
839
465
805
720
105
364
657
293
590
121
394
473
461
184
1000
350
147
388
305
232
245
251
946
519
758
621
949
1074
780
755
248
748
196
837
310
398
790
287
119
1081
931
1065
779
1054
826
266
628
348
115
736
664
660
947
663
821
124
109
996
800
903
546
116
958
374
799
814
371
549
1077
329
633
380
254
523
856
968
971
224
1012
1070
827
331
1068
1035
669
908
263
123
718
310
785
188
750
251
907
870
493
655
376
713
404
966
1011
323
333
403
142
405
500
406
262
1000
151
1064
834
497
1033
998
466
159
116
728
277
325
460
637
842
712
825
733
968
414
589
578
601
1081
732
1004
465
919
296
208
596
279
844
252
245
698
601
449
980
180
348
862
783
414
600
613
489
305
720
684
191
752
821
994
959
298
765
243
516
771
581
402
420
711
965
731
226
626
857
626
1063
503
881
331
340
930
430
383
618
964
924
855
1035
259
151
320
409
547
118
900
963
933
101
905
849
891
758
512
677
957
679
508
609
995
254
460
1023
927
497
1071
787
1061
1059
619
717
435
737
338
723
983
274
322
875
986
708
808
406
575
1100
976
1057
223
741
227
572
484
826
845
405
384
814
529
743
785
808
612
731
603
589
699
929
1083
846
562
832
1092
832
370
769
591
522
382
154
931
1000
267
782
215
766
761
1057
664
209
1034
554
708
1064
613
1033
153
240
759
295
746
124
264
757
863
331
925
269
1049
228
455
637
911
364
264
146
951
104
389
1000
492
902
324
168
560
550
1003
226
447
158
738
498
201
586
687
551
897
435
981
262
310
206
343
845
1069
1069
398
532
353
259
693
734
553
665
757
116
172
710
322
603
419
611
161
852
794
155
484
569
901
929
236
792
636
277
1058
311
747
599
626
215
128
1084
1004
918
609
333
984
524
665
1076
701
471
423
506
622
434
292
884
203
776
551
268
967
527
702
532
883
631
411
437
1094
777
272
637
151
1100
489
479
337
203
821
885
697
1043
592
512
431
672
480
928
359
871
826
1039
155
694
601
119
559
600
890
476
104
789
734
876
217
574
701
675
908
1053
644
243
642
610
690
321
927
715
917
699
717
667
132
645
979
827
792
658
785
407
188
664
1011
431
646
668
680
981
1097
749
1037
846
1088
493
451
337
761
617
730
621
460
313
1008
920
303
299
579
913
351
114
262
903
1005
548
267
307
962
186
469
223
281
320
865
258
351
1044
1009
524
745
411
668
499
947
159
638
353
640
333
199
412
523
890
346
949
265
302
644
652
152
753
231
888
472
993
571
213
725
598
784
542
478
1029
634
186
173
112
640
418
771
358
227
624
512
679
1072
524
923
568
763
464
884
181
688
499
596
996
270
251
253
726
299
467
252
937
358
740
383
224
389
672
708
508
563
458
280
995
429
984
321
623
394
538
225
378
725
125
527
829
896
1096
251
1056
967
288
222
619
470
135
940
411
215
295
975
929
1012
884
185
1004
1069
199
814
543
1071
838
843
813
298
209
735
488
141
936
740
361
831
793
322
553
636
589
265
614
411
170
224
434
873
811
1023
734
380
235
357
371
1061
552
367
769
338
228
910
384
271
624
388
243
489
1089
666
1094
174
380
913
492
149
573
275
331
854
995
557
1043
997
648
612
777
168
940
336
458
674
641
993
858
715
642
957
789
638
116
172
821
392
718
1016
1058
904
365
756
647
479
352
167
705
380
363
461
835
1084
278
371
516
589
541
356
498
982
107
325
104
629
127
610
739
1100
513
291
602
913
326
998
427
520
270
570
811
719
223
477
1046
565
723
987
412
864
836
155
108
827
1015
944
122
744
750
281
931
271
608
645
634
539
515
647
996
517
1082
305
293
600
489
432
901
920
437
516
589
343
833
954
371
166
1042
336
1054
668
148
1069
1019
806
494
395
981
267
1017
873
475
379
110
761
548
827
228
938
630
504
641
843
411
334
416
629
573
291
481
932
752
637
102
466
237
980
449
1040
200
845
763
137
167
772
543
909
395
782
317
1079
1011
400
459
611
955
832
398
968
716
718
430
869
260
286
903
684
150
932
308
816
685
572
630
372
1051
598
754
465
1086
683
912
579
905
998
799
233
600
746
743
1015
644
155
1070
313
1087
723
988
975
746
613
498
456
610
686
725
116
794
1084
1033
522
593
454
120
314
204
990
330
312
1062
127
150
869
451
935
598
332
964
354
328
742
813
576
177
1019
507
1012
597
854
369
834
129
1067
297
141
498
359
847
1026
486
940
225
644
511
1008
459
325
944
169
680
221
208
623
938
778
508
693
914
765
521
414
1099
1092
607
696
657
458
745
624
671
263
632
1042
526
637
487
282
330
304
346
308
637
753
816
948
663
632
1047
203
733
971
934
1032
1038
607
429
1086
581
713
1057
423
505
690
789
477
432
1005
786
1032
1089
574
750
706
193
489
219
771
382
460
550
945
103
746
424
199
644
709
1057
601
834
864
368
698
799
342
271
490
251
161
379
359
991
619
242
926
480
1042
453
382
811
996
1029
1082
709
376
161
401
498
1052
485
956
731
528
959
355
325
823
307
380
428
1037
1071
137
647
1001
728
556
948
1096
643
690
964
555
328
610
185
767
768
929
1036
151
855
483
932
440
1028
1015
185
897
342
647
886
1100
945
435
580
885
350
897
347
399
288
443
515
381
595
382
249
364
855
178
950
234
114
226
761
962
323
290
749
440
890
824
861
371
518
801
1059
564
727
505
768
330
529
253
798
1023
586
913
409
786
834
1025
851
121
489
158
439
395
672
1000
102
1056
973
186
357
446
1065
527
512
321
646
302
535
517
986
524
478
1043
905
983
1027
390
687
147
433
369
722
875
785
479
349
221
768
462
985
634
107
928
471
488
999
1008
649
494
405
382
166
532
218
543
1020
837
397
684
527
306
522
428
344
948
371
905
633
437
102
588
724
619
322
462
435
330
675
493
515
453
717
375
858
945
365
477
287
302
274
1071
320
531
411
608
182
925
370
326
782
819
1046
640
737
1073
1062
580
202
447
777
636
239
942
747
740
977
311
866
787
678
679
719
268
1022
778
135
344
858
579
329
849
616
149
1002
277
659
905
468
445
408
669
725
1026
155
373
1012
843
160
985
982
916
869
251
694
175
404
963
732
736
855
745
700
959
524
917
191
455
512
1030
1071
950
688
382
859
649
650
215
234
494
810
565
213
253
456
750
1085
715
439
946
1092
284
825
115
1055
404
1061
537
256
1043
163
1029
731
635
870
488
646
623
1088
615
1099
145
188
757
970
848
348
149
767
469
402
474
444
240
636
382
295
916
577
563
755
627
287
633
484
847
1055
1021
820
799
809
418
131
954
953
1038
115
763
1099
460
1041
288
258
785
1079
809
836
925
783
250
537
432
714
677
482
839
831
855
799
714
983
597
793
619
1004
539
750
1060
698
744
794
861
1062
410
818
754
819
1073
564
741
699
651
827
565
794
724
239
314
415
535
537
483
1092
549
404
454
172
728
654
955
812
125
685
134
802
661
351
168
258
1014
994
433
856
394
691
868
687
548
186
798
664
842
185
132
222
771
1093
816
142
183
198
263
237
1053
489
771
305
757
740
848
457
899
641
389
729
348
812
130
525
849
247
840
822
453
205
744
1099
908
482
172
959
522
313
476
360
1052
160
983
1008
807
798
719
764
764
189
966
954
261
763
994
1063
807
714
243
1014
707
246
421
205
187
511
999
930
165
260
262
786
751
312
558
114
679
945
303
1079
381
258
208
1039
529
627
882
818
186
775
963
1035
850
339
350
417
411
558
420
723
437
715
121
512
696
531
1093
739
1097
280
1061
957
907
740
981
597
227
657
1085
498
623
770
717
362
147
525
1094
275
714
932
359
950
1086
249
664
307
101
751
887
703
304
967
1093
395
256
544
187
1087
679
920
326
979
809
199
277
125
1085
635
1051
550
132
1085
901
711
900
506
161
154
801
630
161
443
529
1067
795
157
330
1088
142
1081
587
333
627
817
212
1050
349
826
434
1094
175
624
699
1085
625
1091
610
883
926
935
200
766
821
626
943
680
474
543
148
265
385
631
745
979
1038
767
988
695
627
844
679
101
879
155
780
688
816
965
1077
608
517
536
950
137
1074
481
1072
297
624
476
1002
207
256
270
325
463
444
1026
837
994
715
152
392
314
551
860
748
1034
629
594
873
860
824
791
799
917
522
474
173
539
800
666
1056
1054
600
817
581
492
1010
702
235
263
152
120
904
497
131
934
950
168
132
284
681
1052
620
416
656
868
409
523
541
377
157
211
555
643
588
652
795
479
618
487
779
210
390
771
211
911
183
175
142
828
1026
249
562
147
301
105
267
812
243
383
178
632
949
580
405
136
617
852
268
868
201
856
143
383
274
578
303
295
151
505
744
251
458
477
623
382
487
820
1078
624
189
275
521
899
914
256
148
282
1026
604
419
518
187
398
805
586
583
1018
718
326
575
849
856
466
873
1034
853
488
470
614
460
707
915
153
709
807
505
533
707
318
595
968
333
761
172
389
488
456
210
912
645
648
491
1059
674
371
842
150
176
910
462
123
881
947
263
695
547
1055
486
733
526
270
457
973
197
346
543
257
556
595
270
967
839
208
918
483
1091
779
929
428
556
819
690
159
337
427
848
689
903
840
421
285
785
599
487
813
1001
925
218
406
302
392
383
772
433
931
222
996
341
591
651
489
916
292
760
461
536
1095
535
545
965
189
538
169
760
958
113
870
827
965
199
759
304
931
594
522
863
932
629
1027
766
521
412
927
924
652
339
603
1067
787
546
997
768
795
777
156
855
1045
308
700
591
262
252
425
856
529
458
1013
685
1071
976
228
393
263
422
516
650
960
630
755
301
435
813
136
340
925
382
243
1075
290
532
377
139
526
819
1080
104
884
180
369
974
569
668
899
987
715
767
835
744
556
358
905
817
746
299
639
471
960
804
171
631
511
676
115
833
854
577
1064
150
1042
395
162
150
1030
323
171
678
779
451
105
187
578
535
291
101
478
864
404
387
952
153
261
879
930
960
805
341
701
699
1012
1029
613
115
253
1035
345
658
778
303
329
1013
193
798
769
614
571
629
658
456
661
1004
1032
175
632
335
638
660
500
788
1076
1059
977
778
979
785
1093
383
303
333
282
787
699
761
951
846
187
437
574
875
458
200
726
848
380
268
959
243
822
901
338
930
778
1086
659
551
934
976
159
1006
724
623
896
357
396
164
967
887
861
208
840
492
482
740
873
945
985
962
149
759
808
391
173
755
912
200
1014
529
316
845
662
1078
114
598
575
625
327
337
518
292
594
1093
677
333
886
551
220
412
483
310
799
576
495
997
417
810
205
780
510
949
775
691
1053
497
632
989
421
907
506
212
879
826
166
775
665
585
619
213
954
996
621
636
329
624
966
1083
696
604
195
192
1038
142
997
279
555
611
560
751
580
183
720
154
134
981
694
522
1023
588
251
763
448
958
804
480
1070
925
443
334
792
1028
158
519
899
760
489
796
489
706
1078
1082
753
410
517
1087
583
880
622
449
780
282
707
300
552
629
723
262
980
106
105
577
972
856
683
876
553
431
222
982
109
320
919
1064
791
230
732
238
815
352
929
178
156
279
159
564
128
295
959
546
245
1067
260
264
553
1017
966
565
500
415
722
657
930
801
959
1070
252
225
459
987
321
345
972
447
746
215
763
936
811
638
371
672
630
613
144
784
673
550
650
612
1055
101
368
899
1037
395
217
905
394
966
205
626
129
918
186
237
756
375
452
587
1014
398
812
819
250
690
488
836
242
913
147
510
128
276
667
373
176
743
1089
587
894
905
718
632
868
1044
832
921
604
354
620
466
108
1061
925
721
903
896
650
697
631
143
910
767
481
463
689
1085
953
396
524
993
540
478
482
497
901
575
786
549
527
531
224
544
193
452
267
284
359
362
337
786
413
267
311
339
999
924
109
758
163
372
838
1079
584
337
877
367
1064
850
778
894
385
344
884
266
1049
914
217
458
567
596
953
419
735
554
993
1006
381
1070
475
797
339
1028
882
496
597
631
771
305
898
106
799
495
685
717
765
539
377
729
212
341
931
834
302
1089
977
784
1073
516
601
842
383
1069
620
576
741
722
281
803
720
288
237
651
123
1054
944
772
1093
463
572
534
360
794
1031
288
276
648
1031
889
458
953
845
554
869
1083
298
419
834
760
958
344
600
490
1007
840
858
422
134
338
698
1011
678
1045
784
221
478
778
351
834
470
320
129
760
942
468
1009
874
281
738
198
597
784
348
495
467
316
638
881
459
299
212
718
386
283
889
1056
146
917
741
676
117
265
249
1073
119
551
842
551
638
230
1072
524
463
1053
250
481
389
806
809
116
616
315
101
151
224
536
519
541
501
640
732
133
301
988
1034
943
960
486
1050
179
836
372
1083
673
1016
447
671
794
607
611
508
430
907
577
1017
623
810
976
690
291
930
1035
546
351
373
156
749
310
225
573
1063
385
927
175
380
1000
341
691
557
655
706
558
340
1059
670
315
308
428
1092
208
855
501
284
313
246
630
305
923
919
699
588
873
590
157
931
459
1058
158
578
965
258
290
444
572
924
945
1062
290
1010
304
584
794
234
816
489
832
497
518
390
647
795
105
358
1086
993
275
917
661
639
246
1059
249
121
984
417
551
337
1057
175
485
136
889
725
868
927
191
1004
154
1008
196
695
724
830
813
323
496
805
591
889
296
1096
253
1028
139
150
197
524
277
543
881
1061
1055
280
930
700
977
1041
606
656
188
744
730
1001
124
460
827
527
866
487
989
617
112
736
551
809
886
597
1062
657
681
402
645
316
379
520
854
843
278
933
451
1018
233
819
325
335
213
1080
1062
294
930
906
850
284
498
820
807
726
671
610
781
828
1072
893
888
752
686
459
587
1037
1093
814
583
502
287
647
682
509
778
815
506
532
418
290
136
635
633
456
417
359
450
577
279
1043
613
637
247
741
300
549
716
799
468
993
425
945
368
887
219
1016
416
701
620
637
686
1083
1044
972
729
336
762
143
458
1007
937
1031
996
685
518
127
1097
986
613
316
367
258
538
781
1049
111
1005
995
650
309
984
157
940
513
514
707
238
583
462
124
573
214
573
550
129
482
991
625
656
879
257
513
824
708
481
783
654
979
141
970
700
916
609
799
230
753
599
730
333
609
328
1048
269
956
633
891
1073
816
257
793
622
158
310
369
1029
268
384
146
714
664
901
882
226
333
964
105
985
101
269
616
1057
972
445
1096
215
348
207
547
527
811
846
425
983
949
239
320
889
462
619
660
155
896
1043
959
184
822
308
629
441
227
153
1086
102
586
408
825
446
139
613
441
975
150
770
174
687
383
400
859
529
462
847
184
507
209
809
588
251
425
1037
312
954
838
416
842
201
944
694
685
712
435
1045
609
1086
285
1018
1005
530
224
357
974
383
399
384
545
1079
446
453
845
359
682
341
614
567
890
788
728
493
1097
130
649
583
561
309
208
598
1046
1050
512
547
292
322
379
705
245
305
637
394
579
810
558
150
302
565
875
222
1099
467
123
974
474
905
521
256
666
159
970
342
467
269
676
103
935
835
832
835
718
630
814
586
1036
627
380
606
489
252
627
161
526
975
455
752
1039
862
408
879
441
721
817
1031
969
535
237
650
118
452
753
119
988
244
1017
169
574
470
747
418
1007
468
426
812
517
486
864
1032
707
854
420
176
666
278
804
1030
459
725
446
128
443
969
929
1011
419
1023
1083
788
883
558
142
1054
843
513
748
797
374
514
171
721
219
268
224
342
809
266
1092
416
542
1091
149
740
740
878
956
1050
337
274
1070
791
929
126
1065
814
242
632
589
998
1020
481
884
1063
1027
613
127
774
1026
272
967
889
190
724
181
1020
804
895
630
785
424
274
303
1085
1075
948
785
575
816
1036
592
301
747
1014
198
783
1062
1036
839
844
106
1014
184
747
926
653
857
450
183
257
133
114
732
466
146
292
533
203
793
228
208
586
827
796
671
1044
645
1012
1097
1086
338
844
347
1023
700
1012
123
857
375
363
417
254
290
739
435
111
418
582
307
159
917
106
767
598
144
175
500
649
254
786
520
223
909
866
611
719
150
847
105
621
593
170
135
595
451
623
903
484
789
944
569
316
914
1100
712
731
1077
204
775
568
116
805
1054
458
917
385
837
786
891
592
475
932
197
517
955
836
675
155
644
750
342
710
1068
949
475
173
496
229
372
1061
418
117
243
578
952
451
276
894
1029
987
254
1044
1086
1035
477
526
1027
990
999
434
383
456
696
283
558
472
477
108
771
129
122
655
299
947
944
532
369
144
911
237
823
232
251
398
398
789
1086
266
890
1019
850
496
124
279
729
708
845
192
771
394
308
467
827
694
621
680
599
1047
271
378
721
346
871
428
1015
978
662
255
692
420
972
344
1000
481
711
574
1067
509
1028
241
329
1069
657
566
699
894
804
143
434
103
220
471
480
624
938
291
109
684
315
548
563
250
653
994
670
866
539
418
723
186
303
199
340
176
507
863
142
130
1068
484
407
425
644
771
831
1028
979
945
690
393
784
441
686
278
1017
763
1000
102
301
791
446
335
1026
238
192
1095
561
921
1047
895
338
539
194
608
580
809
386
962
341
1010
705
852
691
898
355
1085
173
968
248
321
529
263
374
663
146
258
815
983
933
817
1100
881
496
776
822
265
760
446
460
646
782
1059
254
177
798
522
877
1083
611
910
845
743
522
297
600
799
321
359
567
427
876
994
840
572
188
1087
583
1094
364
309
850
876
897
334
918
773
781
1053
383
1028
377
279
272
501
189
631
143
1011
173
786
1060
271
929
209
902
667
745
508
362
565
411
523
121
383
243
488
540
979
749
200
319
219
386
873
1047
110
101
398
777
1055
329
205
697
1008
737
1057
612
516
1011
195
1002
1097
986
1027
819
940
462
269
629
1087
282
687
415
565
498
359
293
471
575
977
153
175
729
685
1050
929
408
351
284
377
110
976
204
871
580
242
741
287
640
833
156
661
336
637
532
150
742
292
647
106
967
756
762
710
249
1078
236
494
369
206
107
583
351
991
699
305
734
1028
643
468
180
360
973
650
906
1063
874
554
992
1078
168
173
825
805
866
1081
822
973
890
275
585
851
1029
345
664
188
603
222
796
284
1057
270
390
631
445
561
1093
744
998
493
102
103
637
339
888
445
715
972
170
884
441
1005
156
682
294
757
295
1036
937
559
162
734
275
962
114
624
879
542
852
973
617
394
482
245
929
745
1017
930
803
890
451
720
276
142
629
1094
322
733
319
793
360
777
451
815
605
428
604
376
232
654
924
929
618
702
434
899
760
353
1079
424
996
577
915
1005
615
661
513
155
477
502
820
760
684
281
220
859
258
304
496
732
499
156
913
865
268
173
745
957
695
441
823
546
107
731
256
448
223
643
220
518
603
1036
1026
269
418
1002
1032
693
992
514
731
590
309
692
247
976
579
731
219
382
113
309
133
1061
828
109
1086
1027
175
102
785
763
487
322
621
765
494
769
588
873
618
565
703
644
272
730
417
899
170
483
181
1084
315
887
604
421
379
123
263
892
468
313
613
629
223
342
665
626
859
297
860
572
603
1022
346
1072
299
251
916
965
983
890
553
258
1008
277
633
677
356
752
728
197
624
256
940
329
381
474
283
969
477
1038
579
282
968
313
919
560
1071
450
507
195
196
740
325
804
508
770
176
433
179
482
406
628
610
280
433
154
775
555
718
359
617
468
790
342
213
898
618
142
1026
931
435
161
295
333
588
974
804
155
668
406
371
435
148
451
684
684
345
516
695
292
638
1086
658
287
937
989
119
421
880
616
904
266
560
122
930
417
146
444
683
562
730
247
218
480
510
256
746
712
615
821
794
587
383
844
300
244
887
706
352
741
571
664
148
988
653
978
746
387
811
266
246
133
974
161
954
700
512
517
848
112
881
878
316
546
1053
355
772
278
1029
210
116
1079
881
420
826
468
1047
310
595
536
1027
596
552
1096
132
784
745
669
526
256
436
513
264
398
449
998
724
713
789
1050
951
144
145
743
317
223
751
359
610
586
305
212
311
190
173
437
511
911
377
141
372
468
343
718
891
535
325
235
969
488
388
619
656
481
1082
784
531
628
470
975
370
881
1008
435
537
492
122
458
659
547
967
313
447
996
399
1059
476
293
308
772
559
958
228
213
901
968
267
368
959
209
460
706
1002
343
203
664
879
786
683
914
598
279
511
333
857
886
503
1077
936
1045
577
767
1065
525
937
964
826
114
615
881
637
249
836
139
542
818
792
433
700
236
434
690
426
439
205
541
664
709
180
903
1075
1066
426
1078
181
595
336
860
594
459
788
408
593
231
210
735
444
395
138
776
804
934
957
356
147
945
261
796
719
949
553
973
1048
265
481
822
215
1011
420
778
442
550
156
425
544
689
587
457
262
481
452
121
475
1004
136
558
702
510
491
999
298
730
498
443
500
854
828
515
785
1000
1098
137
1030
799
764
191
685
674
530
1005
576
709
915
1090
1094
603
606
507
735
661
795
402
942
471
460
526
770
988
405
168
288
912
1093
766
497
691
1032
792
380
294
427
599
416
102
1060
749
615
861
339
728
458
239
248
537
253
242
146
753
127
463
361
162
193
582
1082
851
232
278
213
518
593
281
1083
1068
800
365
185
672
500
711
372
264
362
939
856
215
965
518
945
528
887
1084
221
997
119
1086
404
454
583
267
476
1070
624
215
462
598
972
417
503
797
208
670
1020
655
212
219
1013
681
257
103
868
775
334
919
467
837
270
347
1007
402
745
454
460
339
125
892
886
516
737
716
906
912
863
1020
295
209
940
539
469
779
877
161
160
283
935
507
240
806
890
667
320
1044
371
101
200
603
885
420
154
703
259
746
1054
183
765
494
402
1043
341
800
994
1089
685
1000
1079
975
878
677
447
723
775
457
298
143
632
889
1060
112
186
147
267
533
318
1088
551
772
310
465
840
880
284
925
1017
319
349
968
816
936
865
720
934
426
570
897
865
575
838
296
1051
391
938
741
863
441
1085
393
384
556
351
335
830
508
108
1063
910
312
945
101
516
712
554
697
472
452
245
855
362
1056
799
430
259
116
560
806
962
119
357
178
455
1003
427
518
695
291
1019
634
885
962
118
643
690
1077
862
523
752
504
830
263
1088
247
919
335
950
570
976
1058
518
244
250
663
662
845
677
296
1032
802
258
585
434
606
959
503
483
363
744
891
964
913
376
813
1024
423
163
117
386
927
1031
573
898
226
1055
579
843
269
331
347
316
508
504
552
657
411
335
691
685
844
349
492
254
530
359
277
773
116
967
1079
721
341
527
819
439
744
321
267
448
256
816
257
407
414
111
229
557
636
828
292
139
518
897
259
779
152
375
571
740
730
807
943
200
801
638
185
411
399
515
106
298
194
265
352
494
162
508
169
932
996
578
822
402
460
983
499
104
135
436
851
528
534
878
401
259
510
879
753
186
813
787
924
206
359
120
162
876
262
274
738
1040
456
443
117
997
338
204
217
775
659
227
114
389
219
673
634
102
786
325
520
615
437
1010
279
670
955
899
205
542
845
663
268
351
516
372
798
1025
453
964
921
789
535
590
658
320
373
1019
605
189
951
119
915
1094
795
359
1004
375
257
109
812
639
1068
324
1058
475
932
266
131
905
224
898
966
454
848
163
280
668
153
129
295
308
226
374
460
1084
212
676
290
716
262
801
507
979
989
664
705
881
171
976
713
177
671
723
276
382
714
293
512
1094
642
887
340
150
375
383
520
708
962
782
482
115
846
509
381
495
334
1045
452
445
1062
578
789
310
934
515
824
120
1057
456
126
873
708
312
903
177
994
871
820
346
155
1008
659
487
669
405
944
782
899
440
688
1075
529
892
609
227
378
1005
670
378
745
441
375
481
123
561
140
279
262
128
170
547
979
127
871
556
110
379
687
485
430
172
944
823
408
626
563
717
846
662
945
886
261
362
157
947
308
102
121
678
224
968
736
746
900
623
970
789
430
813
238
415
749
342
913
829
167
305
1045
559
798
730
494
1098
738
169
149
890
986
427
463
1080
1052
850
152
548
124
780
297
951
609
965
881
328
803
514
911
1049
945
1043
213
829
895
756
712
464
652
1089
748
443
985
235
788
778
670
530
424
164
943
985
407
743
635
593
716
437
149
379
133
759
739
182
717
220
924
841
508
533
343
213
916
393
486
562
756
1024
713
477
546
767
639
1091
905
759
248
596
538
297
885
574
1047
898
777
581
675
183
601
260
573
942
662
971
371
208
652
622
394
382
963
509
388
999
458
989
315
780
243
946
785
1065
905
583
706
192
279
180
265
611
994
755
312
333
222
255
499
989
343
289
1019
896
350
616
704
643
771
652
464
730
529
776
180
424
133
441
194
1051
352
351
917
763
948
656
432
991
531
859
1082
1059
875
767
794
714
790
529
356
1012
790
868
556
669
742
728
335
362
115
473
698
368
385
979
122
547
482
1031
898
528
1025
397
578
319
1085
678
700
216
889
180
475
881
592
720
292
105
318
544
591
844
161
587
718
276
406
330
243
1048
768
853
193
691
804
463
329
644
680
376
565
262
633
1029
1016
243
1092
893
548
338
1012
906
974
513
810
842
956
905
163
954
1086
589
691
590
298
934
743
687
1081
751
544
921
1024
167
684
752
209
480
278
719
343
827
101
748
1049
294
795
283
869
116
356
422
326
623
262
230
976
748
1015
272
208
1050
498
295
137
1041
172
321
1017
323
987
161
554
130
749
297
420
894
166
1098
679
816
532
338
999
577
565
616
1016
1056
1096
422
1065
972
673
428
877
142
853
629
516
497
341
136
896
321
280
582
235
222
489
578
686
307
656
898
389
343
500
625
246
432
1070
374
392
678
1089
484
383
1067
493
263
694
461
738
472
1078
1046
210
437
754
224
327
224
1029
512
932
770
139
374
816
596
797
310
125
546
744
846
862
605
445
788
470
475
330
660
846
796
927
475
718
972
694
1051
261
832
121
995
484
527
359
361
1068
254
793
439
696
600
1023
136
725
897
872
741
269
541
782
393
683
529
744
469
161
717
745
112
790
893
110
695
515
931
188
933
204
1051
231
863
748
1075
1088
535
937
484
326
490
782
833
253
784
295
339
924
240
743
350
392
230
822
868
126
266
215
244
878
525
445
423
395
602
405
471
1063
231
934
619
979
255
901
763
323
430
277
757
216
104
748
562
568
678
697
361
512
774
730
973
281
622
546
341
408
572
126
320
376
525
352
1034
810
128
813
552
500
326
898
612
1080
849
524
869
475
966
740
391
710
544
168
754
329
578
119
313
971
625
1069
106
950
396
156
525
968
337
460
866
604
645
353
972
495
303
970
796
902
921
754
699
1068
884
631
215
554
408
168
1033
935
701
804
545
319
576
661
903
296
141
468
879
951
678
222
736
873
237
299
937
998
1044
695
256
439
542
785
321
1024
385
850
231
1009
507
408
106
590
446
960
645
631
890
1009
194
481
389
341
317
363
289
723
698
237
226
991
755
979
290
588
162
431
604
984
424
764
385
837
960
1095
634
183
610
504
466
897
1007
335
783
818
206
553
326
934
314
449
144
223
712
619
348
378
360
652
954
550
567
309
865
686
934
134
886
576
292
136
971
1078
971
611
655
354
817
918
663
751
437
788
257
266
731
275
880
823
726
233
985
880
489
503
769
760
547
343
833
998
356
370
311
541
344
802
962
872
487
486
729
267
823
716
481
1093
903
376
738
185
536
339
780
483
810
527
587
376
624
1030
900
646
553
899
435
802
852
480
771
585
135
430
1041
158
412
628
525
738
553
830
573
298
658
342
360
618
469
656
756
655
586
968
293
795
557
430
139
617
234
529
406
943
347
466
865
140
976
727
896
815
876
664
735
1007
288
334
808
505
391
1095
216
732
686
1095
1016
169
997
904
907
869
333
818
176
856
600
1053
846
592
104
1019
518
247
925
403
754
1020
951
288
809
285
756
648
563
826
310
960
711
980
364
245
751
276
700
877
828
440
274
292
1076
680
751
890
372
959
320
818
860
325
754
134
190
497
223
646
433
932
528
735
384
832
639
752
843
136
368
559
407
849
844
914
663
934
537
538
1094
1025
233
362
615
509
500
437
483
481
301
757
590
391
599
136
511
410
322
197
146
678
398
109
1076
537
226
788
914
391
794
966
655
779
283
382
456
865
115
690
773
186
962
642
1022
118
1007
384
215
381
769
801
378
857
651
969
344
587
946
941
907
894
766
122
483
137
411
315
595
229
627
255
559
598
217
617
965
551
756
1081
724
326
527
856
837
567
1073
1081
309
476
638
674
909
1025
1025
1034
182
413
196
900
820
549
1054
122
742
291
127
741
822
420
371
360
523
528
793
341
161
722
766
839
962
374
603
430
1059
234
464
361
397
773
731
246
607
173
561
469
1029
773
528
507
775
243
1086
946
559
255
698
189
832
223
149
432
792
655
636
702
203
1086
317
781
996
572
772
805
943
824
865
934
520
878
487
598
466
173
819
425
501
143
887
1019
727
201
538
489
462
810
798
750
455
945
470
841
326
463
442
1084
1002
171
849
799
716
692
129
491
140
281
141
386
456
1068
164
451
122
270
602
805
541
756
517
353
796
582
974
649
735
616
1034
791
875
434
141
366
940
674
650
645
913
1002
1032
466
1037
531
1020
427
565
520
167
1031
547
608
389
731
990
883
313
385
756
893
432
955
269
1065
601
1061
893
669
125
481
677
843
176
427
886
415
108
988
788
636
727
149
643
306
553
793
529
1058
828
293
1016
186
911
180
693
1043
713
434
674
303
383
482
308
329
906
579
906
669
1072
1005
907
478
293
193
266
430
709
551
497
424
585
1089
295
1001
692
525
528
373
481
664
231
1086
259
197
338
784
520
924
178
656
435
480
422
650
541
473
1083
385
175
808
626
465
1006
961
422
632
331
762
880
363
454
290
225
430
622
421
395
579
608
172
468
836
738
857
968
835
955
576
635
830
225
241
864
680
638
985
720
210
103
184
402
993
730
830
779
185
724
167
1051
648
205
310
196
709
489
269
999
470
667
1034
829
665
719
173
966
370
741
725
890
532
285
451
522
715
1099
311
186
701
617
110
789
161
435
333
1037
383
419
127
621
1071
945
482
893
614
367
448
586
979
1023
898
975
696
777
862
932
452
620
625
201
981
768
695
383
699
806
415
227
223
1037
900
424
658
322
198
592
826
731
760
806
655
368
1034
283
644
510
1078
972
977
521
519
348
182
166
198
979
897
634
703
451
600
299
640
754
243
777
1057
897
608
1063
774
824
202
476
338
1043
211
1017
686
1029
726
1063
111
168
1042
382
798
1063
569
1012
912
1008
543
224
454
984
189
914
111
628
588
881
849
1058
599
312
414
251
194
670
387
357
511
1080
796
248
471
533
1075
1069
781
607
664
862
486
873
154
470
861
1025
644
254
899
235
1003
665
379
183
1075
1013
116
136
968
919
263
186
738
481
1064
1087
346
114
762
174
498
970
755
1025
369
368
383
962
732
787
248
1097
592
705
346
852
259
623
413
508
306
174
804
1072
237
342
906
920
183
898
580
1087
394
783
961
630
127
978
983
1009
1043
302
367
665
669
710
320